Coordinates (UCSC Apr. 2006 assembly,Score
chr2R:16669000-16669999,2.3058
chr2R:16668500-16669499,1.97841
chr2R:8431500-8432499,1.97325
chr2R:10320500-10321499,1.40733
chr3L:296500-297499,1.36344
chr3R:10420500-10421499,1.29277
chrX:299500-300499,1.29274
chrX:9562000-9562999,1.04154
chr3R:10421000-10421999,0.99159
chrUextra:14057500-14058499,0.972309
chr2R:16669500-16670499,0.952867
chr3L:312000-312999,0.911966
chr2R:16668000-16668999,0.88317
chr2R:8431000-8431999,0.794538
chr3L:7358500-7359499,0.724628
chrUextra:2098000-2098999,0.655004
chrX:299000-299999,0.651014
chrX:16687000-16687999,0.621317
chr2L:22894500-22895499,0.597127
chrUextra:2097500-2098499,0.596652
chr3R:5636000-5636999,0.59171
chr2L:18418000-18418999,0.588468
chr2L:15919000-15919999,0.562527
chrX:9206000-9206999,0.538193
chr2R:19201500-19202499,0.53253
chr3L:10552500-10553499,0.529766
chr3R:17754000-17754999,0.505497
chr2L:18030000-18030999,0.501919
chr3R:5635500-5636499,0.484712
chr2L:20246500-20247499,0.472098
chr3R:14918000-14918999,0.470076
chr2L:11503000-11503999,0.467407
chrX:11154000-11154999,0.46347
chr2L:15832500-15833499,0.460321
chrUextra:7923000-7923999,0.453619
chr2R:10597500-10598499,0.450551
chr2L:5881500-5882499,0.439495
chr3L:16466500-16467499,0.429011
chr2L:21028000-21028999,0.428374
chr2R:10321000-10321999,0.414904
chr3R:26097000-26097999,0.412463
chrUextra:6519000-6519999,0.41067
chr3L:16466000-16466999,0.405425
chrX:11536500-11537499,0.405125
chr3R:17753500-17754499,0.40343
chr2R:10687500-10688499,0.40293
chr2L:1889500-1890499,0.397614
chr2L:1777000-1777999,0.393183
chr3L:13084000-13084999,0.390993
chr3R:25113500-25114499,0.380008
chr3L:18693000-18693999,0.379635
chrX:12902000-12902999,0.373524
chr3R:22243000-22243999,0.367974
chr2L:21027500-21028499,0.366406
chr3R:21212000-21212999,0.35814
chrUextra:14574500-14575499,0.349849
chr2R:18135000-18135999,0.34944
chr3L:7358000-7358999,0.336753
chr2R:19237500-19238499,0.331309
chr2L:15509500-15510499,0.328394
chr3L:4986000-4986999,0.321445
chr2L:7652500-7653499,0.321046
chr3L:523500-524499,0.318849
chr2R:16063000-16063999,0.315613
chr3R:9863000-9863999,0.315187
chr2R:12607000-12607999,0.315132
chr2R:6740500-6741499,0.314874
chr2R:12296000-12296999,0.314735
chr3R:9643000-9643999,0.309974
chr3L:22048000-22048999,0.304201
chrX:4199500-4200499,0.304109
chr3R:21527500-21528499,0.302358
chr2L:1799500-1800499,0.299032
chr3R:907500-908499,0.29887
chr2R:9362500-9363499,0.294707
chr3L:14578500-14579499,0.294378
chrUextra:20890500-20891499,0.294335
chr2L:3674000-3674999,0.291843
chrX:5041000-5041999,0.291764
chrX:8668500-8669499,0.29172
chr3L:2965000-2965999,0.286627
chr3L:750500-751499,0.285269
chrUextra:27945500-27946499,0.284859
chr3L:18920000-18920999,0.281008
chr3L:20041500-20042499,0.276259
chrX:2449000-2449999,0.268558
chr2R:4875500-4876499,0.264677
chr2L:4639000-4639999,0.262092
chr2L:16234500-16235499,0.261718
chr3R:18721500-18722499,0.257541
chr3R:25114000-25114999,0.257147
chr3R:10270000-10270999,0.25687
chrX:2795000-2795999,0.256263
chr3R:22596500-22597499,0.255274
chr3L:14773500-14774499,0.255164
chr3R:17076500-17077499,0.255122
chrX:4819500-4820499,0.251028
chr2L:7279500-7280499,0.247541
chrX:7480500-7481499,0.244425
chr3L:8522500-8523499,0.240014
chr2R:9503500-9504499,0.239671
chr3R:6925500-6926499,0.238442
chr2L:10615000-10615999,0.235873
chr3R:13639500-13640499,0.235078
chr2R:17927500-17928499,0.233492
chr3R:4298000-4298999,0.232109
chrX:11970000-11970999,0.22898
chr3R:3157500-3158499,0.223564
chrX:1866500-1867499,0.223329
chrUextra:3673000-3673999,0.221468
chrX:10705000-10705999,0.220247
chrX:4199000-4199999,0.21598
chr3L:3666000-3666999,0.212263
chr2L:3935500-3936499,0.208428
chr2L:9968500-9969499,0.208353
chr2L:9991000-9991999,0.199704
chr3R:10420000-10420999,0.198985
chrX:11421500-11422499,0.198317
chr2L:14512500-14513499,0.197499
chr3R:17779500-17780499,0.19653
chrX:855000-855999,0.195771
chr2R:13962500-13963499,0.19394
chr2L:16065000-16065999,0.193178
chr3R:15975000-15975999,0.190489
chr2R:13717000-13717999,0.190086
chrX:12176500-12177499,0.188498
chr2L:11584000-11584999,0.187967
chr2R:17046500-17047499,0.1877
chr3L:14774000-14774999,0.186846
chr2R:20134000-20134999,0.186544
chrX:12398500-12399499,0.185674
chr2L:12755500-12756499,0.183572
chr2L:19863500-19864499,0.182839
chr2L:18037000-18037999,0.181976
chr3R:5713000-5713999,0.181799
chr3L:24542500-24543499,0.180271
chrUextra:27207500-27208499,0.17944
chr2R:16491000-16491999,0.175392
chr3R:13918000-13918999,0.175145
chr3R:1932500-1933499,0.174618
chrX:8255000-8255999,0.17359
chrX:8781000-8781999,0.172982
chrX:9725000-9725999,0.172669
chr3R:17007500-17008499,0.171804
chr2R:1597000-1597999,0.171078
chr2L:4053500-4054499,0.169818
chrX:12893000-12893999,0.168735
chrX:18663000-18663999,0.16663
chr3L:9287000-9287999,0.165007
chr3L:11524000-11524999,0.163153
chrX:2659000-2659999,0.16308
chrUextra:27208000-27208999,0.16287
chr3L:18977000-18977999,0.162617
chr2R:16470500-16471499,0.162521
chrUextra:9999500-10000499,0.161738
chr2R:9363000-9363999,0.161677
chr2L:14238000-14238999,0.15964
chr2R:19201000-19201999,0.158656
chr3R:4383000-4383999,0.158139
chrX:3937500-3938499,0.157617
chr3R:12541000-12541999,0.1556
chr2L:11150000-11150999,0.154438
chr3L:5249500-5250499,0.153516
chr3L:7057000-7057999,0.153489
chr3L:4738500-4739499,0.153442
chr3L:22533000-22533999,0.151497
chrX:486500-487499,0.151132
chr3L:10315500-10316499,0.150997
chrX:14258500-14259499,0.149548
chrX:6300500-6301499,0.148543
chrX:21338000-21338999,0.148486
chr2R:20639000-20639999,0.144559
chr2L:1776500-1777499,0.144396
chr3L:10986500-10987499,0.143634
chr2L:13864000-13864999,0.142161
chr3RHet:1162000-1162999,0.142107
chrX:5461500-5462499,0.141386
chr3R:23183500-23184499,0.139021
chr2L:7490000-7490999,0.13761
chrX:7279500-7280499,0.135634
chr3L:1360000-1360999,0.134311
chrUextra:6518500-6519499,0.133997
chr3L:647000-647999,0.13383
chr3L:19005000-19005999,0.132877
chr3L:7833500-7834499,0.132794
chr3R:5473000-5473999,0.131228
chr3L:6333500-6334499,0.130629
chrX:4712000-4712999,0.130411
chrX:6983000-6983999,0.129867
chr3L:5738500-5739499,0.127914
chr3R:19491000-19491999,0.127336
chr3L:17457500-17458499,0.127166
chr3L:16147000-16147999,0.126912
chr3L:9846500-9847499,0.126611
chr3L:7820000-7820999,0.125596
chr3R:7524500-7525499,0.124727
chr2R:17764000-17764999,0.123194
chr3R:24373000-24373999,0.123024
chr2R:13544000-13544999,0.122701
chr3R:8839500-8840499,0.122658
chrX:8443000-8443999,0.12037
chr2L:1811000-1811999,0.119406
chr3L:647500-648499,0.116831
chr2L:1800000-1800999,0.115871
chr3L:9999500-10000499,0.114791
chr2L:20052500-20053499,0.109914
chr3L:8008500-8009499,0.109269
chr2R:3022500-3023499,0.108081
chr2R:17848500-17849499,0.107877
chr2L:20864000-20864999,0.107148
chr3R:14533000-14533999,0.106173
chr2L:20052000-20052999,0.106168
chrX:13172500-13173499,0.105287
chr3R:27345500-27346499,0.104582
chrX:1943000-1943999,0.103857
chr3L:14578000-14578999,0.101876
chr3L:9146500-9147499,0.101059
chr3L:1931000-1931999,0.100106
chr3R:25253000-25253999,0.0988008
chr2R:19614000-19614999,0.0983528
chrX:14435500-14436499,0.0960103
chrX:2968500-2969499,0.0953993
chr2L:2423500-2424499,0.0940324
chr2L:16253500-16254499,0.0937609
chr2L:3342000-3342999,0.0930926
chr2R:12526500-12527499,0.0929292
chr3R:12456000-12456999,0.0928857
chr3L:5254500-5255499,0.0924841
chr3L:22604000-22604999,0.0924475
chr2R:2661500-2662499,0.0922998
chr3RHet:1161500-1162499,0.0922547
chr3L:8009000-8009999,0.0902016
chr2L:10569500-10570499,0.0899718
chr3L:3255000-3255999,0.0894596
chr3R:15974500-15975499,0.0894318
chr3L:5055500-5056499,0.0881114
chr2R:19003000-19003999,0.0871678
chrX:17857000-17857999,0.0858498
chr2L:13608500-13609499,0.0853235
chr2L:11680500-11681499,0.0852108
chr3R:27808000-27808999,0.0850825
chr3R:9678000-9678999,0.085072
chr3R:10899000-10899999,0.0826018
chrX:12176000-12176999,0.0818705
chrX:9192000-9192999,0.08138
chr3R:6897500-6898499,0.0812789
chrX:7368500-7369499,0.0812487
chrX:4819000-4819999,0.0806157
chr2R:18134500-18135499,0.0803479
chr3L:3845000-3845999,0.0801274
chrX:9915500-9916499,0.0796777
chr2L:14058500-14059499,0.0788956
chr3R:20376000-20376999,0.0786683
chr2L:618500-619499,0.0784987
chr2L:19251500-19252499,0.0779281
chrX:6334000-6334999,0.0775992
chr3L:16146500-16147499,0.0762399
chr3R:16075500-16076499,0.0758645
chr3R:4752500-4753499,0.0749812
chrX:10432500-10433499,0.0716405
chrX:18950000-18950999,0.0711769
chr3L:21118000-21118999,0.0710386
chr2L:4053000-4053999,0.0693294
chr2R:7320000-7320999,0.068843
chr2L:12543500-12544499,0.0685868
chr2R:15034500-15035499,0.067751
chr3R:24041500-24042499,0.0672101
chr3R:9553500-9554499,0.0657687
chr3L:6652500-6653499,0.0656813
chr3L:2860500-2861499,0.0646043
chr3R:5712500-5713499,0.0642498
chr2R:8023000-8023999,0.064123
chr3R:13090500-13091499,0.0639533
chr3L:4054000-4054999,0.0637415
chr3R:23843000-23843999,0.0635723
chr2L:6161500-6162499,0.0634313
chrX:300000-300999,0.0633607
chr2R:16537000-16537999,0.0629964
chrX:3555000-3555999,0.0618398
chr2R:13147000-13147999,0.0616229
chrU:7834500-7835499,0.0613447
chr3R:907000-907999,0.0610077
chr3R:25198500-25199499,0.059943
chr2L:15918500-15919499,0.0589149
chr3R:16271000-16271999,0.0581285
chr2L:494500-495499,0.0579598
chr3R:15255000-15255999,0.0558966
chrX:10912500-10913499,0.0551136
chr3R:9683500-9684499,0.0545577
chr3L:6545500-6546499,0.0532554
chrX:18305000-18305999,0.0529193
chr2R:15210000-15210999,0.0519699
chr3R:9075000-9075999,0.0514578
chr3L:1367000-1367999,0.0511972
chr2L:19519500-19520499,0.0506985
chr3L:6479000-6479999,0.0496897
chr2L:1633500-1634499,0.0481096
chr3R:4933000-4933999,0.0475629
chrX:10913000-10913999,0.0473927
chr3R:15312000-15312999,0.0466443
chr3R:14759000-14759999,0.0460584
chr2R:4182000-4182999,0.0449838
chrX:5188000-5188999,0.0426001
chr2R:9929500-9930499,0.0422913
chr2R:4658500-4659499,0.0420831
chr3R:26793000-26793999,0.0419957
chr2R:10597000-10597999,0.041959
chrX:13824000-13824999,0.041594
chr3L:16649000-16649999,0.041518
chrX:12405500-12406499,0.0410879
chrX:12446000-12446999,0.0396519
chrX:17399500-17400499,0.0394769
chrX:2854500-2855499,0.0393473
chr2L:6150500-6151499,0.0392275
chr2L:11954500-11955499,0.0376924
chr3L:5481000-5481999,0.0372997
chr2R:18324000-18324999,0.0364435
chr2R:10320000-10320999,0.036325
chrX:4274500-4275499,0.0362812
chrX:12438000-12438999,0.0360431
chrX:2184500-2185499,0.0349744
chr2L:4326000-4326999,0.032606
chr3R:19541000-19541999,0.0315723
chr3L:5852000-5852999,0.0306818
chrX:11160000-11160999,0.0300079
chrX:12191500-12192499,0.0294928
chr2L:520500-521499,0.0293213
chrX:8576500-8577499,0.0284687
chr3R:17077000-17077999,0.0282811
chr3L:18514500-18515499,0.026177
chrX:18534500-18535499,0.025023
chr3L:3995500-3996499,0.0242567
chr3R:12780500-12781499,0.0240032
chrX:20477500-20478499,0.0233881
chrX:14463000-14463999,0.0231403
chr2RHet:999500-1000499,0.0231011
chrX:13443500-13444499,0.0230058
chr3R:23323500-23324499,0.022875
chr3R:7336000-7336999,0.0213872
chr2L:2121000-2121999,0.0209589
chrX:3813500-3814499,0.0203554
chrX:10187000-10187999,0.0189999
chr2L:7140000-7140999,0.0188932
chr3R:15146000-15146999,0.0188057
chrX:488500-489499,0.0187235
chrX:2194500-2195499,0.0187179
chr2L:16620000-16620999,0.018489
chr3L:10542000-10542999,0.0182366
chr3R:6284000-6284999,0.0175118
chrX:4491000-4491999,0.0168909
chr3L:1032000-1032999,0.0163041
chr2L:2181000-2181999,0.0154966
chr3L:16245500-16246499,0.0152274
chr2L:12196000-12196999,0.0148434
chr2R:5107500-5108499,0.0144757
chrX:6281000-6281999,0.0136556
chr2L:19036500-19037499,0.0122874
chr3L:6832500-6833499,0.0121284
chr2L:1810500-1811499,0.0120338
chr3R:21604500-21605499,0.0112484
chr2L:15949000-15949999,0.0102859
chrX:12938000-12938999,0.0101344
chrX:10829000-10829999,0.0101142
chr2R:6052000-6052999,0.00917239
chr3L:22077500-22078499,0.00890951
chr2L:12804500-12805499,0.00832335
chr2R:19330500-19331499,0.00798395
chr2L:12638000-12638999,0.0064252
chr3R:17022000-17022999,0.00534887
chr2L:20510000-20510999,0.00464625
chr3L:7575500-7576499,0.00454694
chr2R:15403000-15403999,0.00439763
chr3R:2594500-2595499,0.00403956
chr3R:2494000-2494999,0.00392627
chr2R:7431000-7431999,0.00287342
chr2R:18035000-18035999,0.00240212
chrX:19284000-19284999,0.00217995
chr3L:12549000-12549999,0.000623047
chr2R:7065500-7066499,0.000422357
chrX:9916000-9916999,-0.000515562
chr3R:4850500-4851499,-0.0008774
chr2L:12543000-12543999,-0.000984003
chr3L:12544000-12544999,-0.0017358
chr3L:8008000-8008999,-0.00208238
chr2R:17293000-17293999,-0.00237941
chrX:3089500-3090499,-0.00274407
chr2L:19548000-19548999,-0.00304689
chr2R:16536500-16537499,-0.00436143
chr3L:5621000-5621999,-0.00538996
chrUextra:25852500-25853499,-0.00540449
chr3L:6277000-6277999,-0.005705
chr3R:26684500-26685499,-0.00608843
chrUextra:16565500-16566499,-0.00613118
chrX:954000-954999,-0.0063525
chr3R:929500-930499,-0.00756429
chr2L:10809000-10809999,-0.00839062
chr2R:15035000-15035999,-0.00879726
chr2L:17207000-17207999,-0.00950985
chr2L:7293000-7293999,-0.00992497
chr3R:5799000-5799999,-0.0111883
chr3L:19483000-19483999,-0.0112557
chr2R:10519500-10520499,-0.0118301
chr2L:375500-376499,-0.0125035
chr3R:17022500-17023499,-0.0130553
chr2R:15801500-15802499,-0.0138106
chr3R:11724500-11725499,-0.0139281
chr3L:6398000-6398999,-0.0139404
chr3R:6180500-6181499,-0.0140298
chrX:7408500-7409499,-0.0144151
chr3R:20603500-20604499,-0.0150248
chr3R:8438500-8439499,-0.0157867
chr3L:7171000-7171999,-0.015868
chrX:3126000-3126999,-0.0158729
chrX:12177000-12177999,-0.0159527
chrX:14491500-14492499,-0.016161
chr2L:12518000-12518999,-0.0162164
chr2L:18231500-18232499,-0.0171844
chr2R:3258000-3258999,-0.0180021
chrX:4094500-4095499,-0.0182851
chrX:1389000-1389999,-0.0189232
chr2R:9287000-9287999,-0.0192237
chr2L:18364000-18364999,-0.0196431
chr2L:9332500-9333499,-0.0200421
chrX:11068500-11069499,-0.0201117
chrX:3908000-3908999,-0.0202225
chrX:17244500-17245499,-0.0202339
chrX:4817500-4818499,-0.0203747
chr3R:4316000-4316999,-0.0213292
chr2L:493000-493999,-0.0214686
chrUextra:26906500-26907499,-0.0217583
chr3L:16821000-16821999,-0.0226175
chr2R:842000-842999,-0.0231829
chr2L:2485500-2486499,-0.0239706
chr2RHet:3185000-3185999,-0.0241184
chrX:849000-849999,-0.0248074
chrX:6838500-6839499,-0.0254351
chr3L:6160000-6160999,-0.0256676
chr2L:18242000-18242999,-0.0258632
chrX:5986500-5987499,-0.0258708
chrX:7195500-7196499,-0.0264072
chrX:3813000-3813999,-0.0264232
chr2L:16168500-16169499,-0.0264647
chrX:11559500-11560499,-0.0267955
chr2L:8421500-8422499,-0.0274259
chrUextra:14574000-14574999,-0.0278601
chr3L:22385000-22385999,-0.0280601
chr2R:13946000-13946999,-0.0285987
chr3R:23730500-23731499,-0.0287416
chrX:9245000-9245999,-0.0287911
chr3R:6475500-6476499,-0.0293256
chr2L:4639500-4640499,-0.0297451
chr3R:19394500-19395499,-0.0299692
chrX:1031500-1032499,-0.0302368
chr2L:660500-661499,-0.0307155
chr3L:6552500-6553499,-0.0307945
chr3R:25041000-25041999,-0.0308425
chr3L:18077000-18077999,-0.0315317
chr2R:9006000-9006999,-0.0322979
chr2L:19164500-19165499,-0.0324001
chr2R:8023500-8024499,-0.0324791
chr2L:4659500-4660499,-0.0326494
chrX:4463500-4464499,-0.0329538
chr2R:20164500-20165499,-0.0334409
chr2L:12544500-12545499,-0.0337887
chrX:14258000-14258999,-0.0339263
chr2L:11502500-11503499,-0.0345119
chr3R:23718000-23718999,-0.0348138
chr3R:17784500-17785499,-0.0350513
chr3L:3784500-3785499,-0.0350572
chr3R:17253000-17253999,-0.035069
chr2R:9972000-9972999,-0.0358664
chr3R:6306000-6306999,-0.0359566
chr2R:6859500-6860499,-0.0363757
chrX:9206500-9207499,-0.0364172
chr3R:17470000-17470999,-0.0370423
chr3R:14533500-14534499,-0.0377969
chr2R:15079000-15079999,-0.0378283
chr2L:3396500-3397499,-0.037941
chr3R:22309500-22310499,-0.0380748
chr3R:18299500-18300499,-0.0384735
chr3R:6201000-6201999,-0.0384887
chr3L:16561500-16562499,-0.0392047
chr2L:14931500-14932499,-0.0392201
chr2L:11310500-11311499,-0.0395596
chr2R:96000-96999,-0.0402395
chr3L:7199500-7200499,-0.040825
chr3R:3124000-3124999,-0.0415014
chr3R:851500-852499,-0.0421143
chrX:19284500-19285499,-0.0435847
chr3R:24152000-24152999,-0.0439419
chrX:718500-719499,-0.0445314
chr2L:10614500-10615499,-0.0447826
chr2L:11150500-11151499,-0.0449943
chr3L:15196500-15197499,-0.0454243
chrX:2932000-2932999,-0.0455788
chr2L:7670000-7670999,-0.0463585
chr2L:19274000-19274999,-0.046435
chr3R:1739000-1739999,-0.0466027
chr3R:4330000-4330999,-0.0467888
chr3L:6821000-6821999,-0.0468479
chr3R:19144000-19144999,-0.0473931
chr3L:2964500-2965499,-0.0474747
chr3R:10978500-10979499,-0.047538
chr2L:3423500-3424499,-0.0478657
chr3L:9256000-9256999,-0.0483349
chrX:6882500-6883499,-0.0493827
chr2R:10948500-10949499,-0.0495077
chr3L:5409500-5410499,-0.0497862
chr3L:13171000-13171999,-0.0511964
chr3L:14879000-14879999,-0.0519702
chr3L:13573500-13574499,-0.0528866
chr2L:19927500-19928499,-0.0538932
chr2R:5825000-5825999,-0.0544587
chrX:12406000-12406999,-0.0545776
chr3R:5251500-5252499,-0.0547084
chr2L:17357500-17358499,-0.05499
chr3R:22519500-22520499,-0.0550253
chr3L:1286500-1287499,-0.0567285
chr3R:27808500-27809499,-0.0571677
chrX:6357000-6357999,-0.0577322
chr2L:6547500-6548499,-0.0577627
chr3R:10891000-10891999,-0.0579865
chr3R:23632000-23632999,-0.0580164
chr3R:6975500-6976499,-0.0580607
chrX:16863000-16863999,-0.0582807
chr2L:3342500-3343499,-0.0588047
chr3R:2235000-2235999,-0.0590653
chr3R:27047500-27048499,-0.059398
chrX:3896500-3897499,-0.0594665
chrX:13767000-13767999,-0.0594676
chr2R:14330000-14330999,-0.0595747
chr2R:16791500-16792499,-0.0599154
chr3R:18090500-18091499,-0.0599829
chr3L:13573000-13573999,-0.0607392
chrX:3907500-3908499,-0.0610668
chr2R:16062500-16063499,-0.0613159
chrX:8435000-8435999,-0.0617308
chr3R:19500000-19500999,-0.0621455
chr3L:814000-814999,-0.0624286
chr2L:4076500-4077499,-0.0625165
chr3R:4752000-4752999,-0.0625768
chr3L:6397500-6398499,-0.062634
chrUextra:20890000-20890999,-0.0628644
chr2R:18400000-18400999,-0.0628831
chrX:12127000-12127999,-0.0632571
chr3L:21216500-21217499,-0.0634032
chr2R:2790500-2791499,-0.063674
chr2R:13485500-13486499,-0.0636827
chr2R:7451000-7451999,-0.063831
chr3R:24401000-24401999,-0.064309
chr2R:11629500-11630499,-0.0655994
chr2L:675000-675999,-0.0656214
chr2R:9963500-9964499,-0.0663528
chrX:18467500-18468499,-0.0668612
chrX:17609000-17609999,-0.0669812
chrX:18251500-18252499,-0.0673258
chr2L:3426000-3426999,-0.0680313
chr2L:19232000-19232999,-0.0681557
chr2L:19214000-19214999,-0.0681559
chrX:12286000-12286999,-0.0686456
chr3R:25210500-25211499,-0.0690669
chr2R:11629000-11629999,-0.0691673
chr3L:5822500-5823499,-0.0691951
chr3L:10933000-10933999,-0.069394
chr3L:15082500-15083499,-0.0698246
chrX:9241500-9242499,-0.0698294
chrX:16513500-16514499,-0.0699946
chr3L:2992000-2992999,-0.070198
chr2L:14487500-14488499,-0.0707537
chr2R:19458000-19458999,-0.0716491
chrX:15588000-15588999,-0.0716612
chr3R:4419500-4420499,-0.0724036
chrX:3043000-3043999,-0.0724937
chr2R:21126500-21127499,-0.0729197
chr2R:5635000-5635999,-0.073265
chrX:3631000-3631999,-0.0733703
chr2L:1701000-1701999,-0.073376
chr3R:19969500-19970499,-0.0736451
chr3R:1169500-1170499,-0.0737035
chr2R:7315500-7316499,-0.073783
chr3L:7566000-7566999,-0.0741091
chrUextra:9770000-9770999,-0.0742559
chrX:14878000-14878999,-0.0743217
chrX:10093000-10093999,-0.0743219
chr2L:3846000-3846999,-0.0743346
chr2R:9999500-10000499,-0.074445
chr2R:7032000-7032999,-0.0752061
chr3L:9919500-9920499,-0.0753757
chrX:1294500-1295499,-0.0756048
chr3L:7092000-7092999,-0.0757674
chr3L:3877500-3878499,-0.0759444
chrX:16878500-16879499,-0.076096
chr3R:27138500-27139499,-0.0763716
chr2R:8430500-8431499,-0.0764921
chr3L:6427000-6427999,-0.0769427
chr3R:15823500-15824499,-0.0770318
chr3R:19144500-19145499,-0.0781436
chr2L:18259500-18260499,-0.0783078
chr3L:10590000-10590999,-0.0785746
chr3R:6201500-6202499,-0.0793626
chrX:19295500-19296499,-0.0793969
chr3L:12352500-12353499,-0.0804739
chr3R:22512500-22513499,-0.0804854
chr3L:20056000-20056999,-0.0804982
chr2L:3742000-3742999,-0.0805473
chr3L:19720500-19721499,-0.0808186
chr2L:14203000-14203999,-0.0808961
chr2R:4912500-4913499,-0.0809703
chr2L:3845500-3846499,-0.0811451
chr2R:15073000-15073999,-0.0813385
chr3R:25107500-25108499,-0.0815235
chr3R:2716000-2716999,-0.0817579
chrX:7264500-7265499,-0.082594
chr3R:10212500-10213499,-0.0827238
chr2R:14147000-14147999,-0.0828348
chr2L:5259500-5260499,-0.0836195
chrX:8209500-8210499,-0.0843505
chr3R:18077000-18077999,-0.0845413
chr2R:16610500-16611499,-0.0847337
chr3R:6283500-6284499,-0.0853128
chr2L:7561500-7562499,-0.0857048
chr3L:16208000-16208999,-0.0858388
chrX:14012500-14013499,-0.086583
chr3L:21028500-21029499,-0.0872536
chrX:11544500-11545499,-0.0875423
chrX:18873000-18873999,-0.0876364
chrX:13860000-13860999,-0.0876548
chr2R:20033500-20034499,-0.0882245
chr3L:2398000-2398999,-0.0885819
chr3R:11576500-11577499,-0.0888193
chrX:8518500-8519499,-0.0895776
chrX:17703500-17704499,-0.0900224
chr3L:18097000-18097999,-0.0901214
chrX:11153500-11154499,-0.0902027
chr2R:16324000-16324999,-0.0903203
chrX:18452500-18453499,-0.0904657
chrX:663000-663999,-0.0908542
chrX:6251000-6251999,-0.0909268
chrX:18090500-18091499,-0.0909996
chr3L:20179000-20179999,-0.0912901
chrX:18914000-18914999,-0.0913315
chr2R:16840000-16840999,-0.0914176
chr3L:13183000-13183999,-0.0916112
chr3R:22596000-22596999,-0.0919793
chr3L:10969500-10970499,-0.092426
chr3R:13091000-13091999,-0.0930445
chrX:6232000-6232999,-0.0940142
chr2L:14059000-14059999,-0.0942595
chr2L:9831000-9831999,-0.0948279
chr2L:17558000-17558999,-0.0948903
chr3L:3786500-3787499,-0.0950024
chrX:17017000-17017999,-0.0955247
chrX:7646000-7646999,-0.0961081
chr3L:523000-523999,-0.0962001
chr3R:22309000-22309999,-0.0962524
chr2R:15880500-15881499,-0.0963762
chr3L:19109000-19109999,-0.0963824
chr2L:10569000-10569999,-0.0964611
chr3L:21856000-21856999,-0.0969658
chr2L:9185500-9186499,-0.0970005
chr2L:17985500-17986499,-0.0970822
chr3R:14372500-14373499,-0.097592
chr3R:8649500-8650499,-0.0981978
chrUextra:5186000-5186999,-0.0985976
chrX:21249000-21249999,-0.0986163
chr2L:845500-846499,-0.0990907
chr3R:25209500-25210499,-0.099367
chr3L:10244000-10244999,-0.0995431
chr2R:2989500-2990499,-0.0995755
chrX:20377000-20377999,-0.0998815
chr2L:14512000-14512999,-0.0999469
chrX:9669000-9669999,-0.100116
chrX:7728000-7728999,-0.100135
chrX:2192000-2192999,-0.10026
chr2R:18980000-18980999,-0.100261
chr2R:10688000-10688999,-0.100528
chr2R:15922500-15923499,-0.100644
chr2L:1376500-1377499,-0.100699
chr3L:3662000-3662999,-0.101101
chr2L:11310000-11310999,-0.101106
chr2L:7042500-7043499,-0.101254
chrX:648000-648999,-0.101732
chr3R:8753000-8753999,-0.101928
chr2L:1269500-1270499,-0.101989
chr2L:3947500-3948499,-0.102061
chr2L:7626000-7626999,-0.102696
chr2L:5674500-5675499,-0.102728
chrX:10589500-10590499,-0.103241
chr2L:1722500-1723499,-0.103256
chrX:20748000-20748999,-0.103546
chrX:18974000-18974999,-0.103839
chrX:4382500-4383499,-0.103873
chr2R:4912000-4912999,-0.104217
chr3L:5409000-5409999,-0.104221
chrX:8707500-8708499,-0.105228
chr3L:14316500-14317499,-0.105574
chr3LHet:830000-830999,-0.105593
chr3L:3866500-3867499,-0.106073
chr2L:5742500-5743499,-0.107212
chr2R:10687000-10687999,-0.107494
chrX:21372500-21373499,-0.107498
chr3R:11484000-11484999,-0.107571
chrX:9912000-9912999,-0.108262
chrX:5170000-5170999,-0.108607
chr3R:16242500-16243499,-0.10918
chr3L:6566500-6567499,-0.109198
chr2L:15666500-15667499,-0.109238
chr3L:9551500-9552499,-0.109339
chrX:6351500-6352499,-0.109817
chrX:12192000-12192999,-0.109917
chr3R:12540500-12541499,-0.110207
chrX:14232500-14233499,-0.110287
chr2R:11420000-11420999,-0.11044
chrX:8427000-8427999,-0.110596
chr3L:9088000-9088999,-0.111055
chr2R:12338000-12338999,-0.111514
chrX:2659500-2660499,-0.112009
chrX:17773000-17773999,-0.112049
chr2L:17553000-17553999,-0.112115
chr2L:18030500-18031499,-0.112526
chr2R:6825500-6826499,-0.112706
chr3R:9402500-9403499,-0.113388
chrX:3896000-3896999,-0.113663
chr3L:6615000-6615999,-0.114055
chr3R:5942000-5942999,-0.114129
chr3R:27307000-27307999,-0.114324
chrX:4347000-4347999,-0.114337
chr2R:6061500-6062499,-0.114866
chrX:10695500-10696499,-0.115149
chr3R:22708000-22708999,-0.115343
chr3L:15712000-15712999,-0.116006
chrX:4001000-4001999,-0.116302
chr3L:10558000-10558999,-0.117614
chr2L:10634000-10634999,-0.118233
chrX:21922500-21923499,-0.118382
chr3R:4301000-4301999,-0.118509
chr3L:1145500-1146499,-0.118513
chrX:13802500-13803499,-0.118711
chr3L:16470500-16471499,-0.119627
chrX:14435000-14435999,-0.120081
chr2R:17802500-17803499,-0.120249
chr3L:18416500-18417499,-0.120299
chrX:20871500-20872499,-0.120611
chr3R:27152000-27152999,-0.120628
chrX:7232500-7233499,-0.120674
chr3R:15254500-15255499,-0.120697
chr2L:17786500-17787499,-0.120787
chr2L:8282000-8282999,-0.120881
chrX:1473500-1474499,-0.120999
chr3L:10953500-10954499,-0.121059
chr3R:21471000-21471999,-0.121106
chr3L:19004500-19005499,-0.121611
chr3L:7103000-7103999,-0.122914
chr2R:4752000-4752999,-0.123839
chr3L:5281000-5281999,-0.124226
chr2R:10592000-10592999,-0.124324
chr2L:18394500-18395499,-0.124532
chr2L:12856000-12856999,-0.124904
chrX:18892000-18892999,-0.125087
chr2L:19920000-19920999,-0.125273
chr3R:27321500-27322499,-0.125486
chrX:17413000-17413999,-0.12554
chr2L:3999000-3999999,-0.125612
chr2R:8672500-8673499,-0.126162
chr3L:15209500-15210499,-0.126394
chr3L:15756000-15756999,-0.126631
chr2R:17293500-17294499,-0.127054
chr3R:6452500-6453499,-0.127331
chrX:10452000-10452999,-0.127579
chrX:4134500-4135499,-0.127839
chr3R:19765500-19766499,-0.127959
chr2R:9639000-9639999,-0.128029
chr2R:14460500-14461499,-0.128183
chr3L:12171000-12171999,-0.129136
chr3L:3656000-3656999,-0.12916
chr3R:624000-624999,-0.129228
chr3L:14866000-14866999,-0.129841
chr2R:18397000-18397999,-0.130042
chr3R:4999000-4999999,-0.130166
chrX:298500-299499,-0.130273
chr2R:6231000-6231999,-0.130377
chr3R:3153500-3154499,-0.130459
chr2L:6233500-6234499,-0.130495
chrX:3166500-3167499,-0.130757
chr3R:11556500-11557499,-0.131053
chr2L:8290500-8291499,-0.131625
chr3R:15562000-15562999,-0.131764
chr3R:21409000-21409999,-0.131895
chr2R:15078500-15079499,-0.132056
chr3R:17824500-17825499,-0.132166
chr3R:17418500-17419499,-0.132223
chrX:5244500-5245499,-0.132551
chr2R:10516000-10516999,-0.132707
chrX:4350500-4351499,-0.132894
chr2L:13035000-13035999,-0.133259
chr2R:4535000-4535999,-0.133479
chr2L:11488000-11488999,-0.134179
chrX:14605500-14606499,-0.134322
chr2L:6697500-6698499,-0.134499
chr3L:10781500-10782499,-0.134592
chr3R:27763000-27763999,-0.134666
chr2R:5634500-5635499,-0.13478
chr3R:2559500-2560499,-0.134908
chr2L:10868500-10869499,-0.135671
chrX:20178000-20178999,-0.135736
chr2L:2616500-2617499,-0.135911
chrX:2449500-2450499,-0.136169
chrX:12620500-12621499,-0.136308
chrUextra:24253000-24253999,-0.13634
chr2L:3741500-3742499,-0.136732
chrX:15543000-15543999,-0.137093
chr2L:19997000-19997999,-0.137484
chr3L:1990000-1990999,-0.138472
chr3R:3897500-3898499,-0.138554
chr3L:5195500-5196499,-0.138879
chr3L:9039000-9039999,-0.139122
chrX:11421000-11421999,-0.139137
chrX:4953500-4954499,-0.13929
chr2R:11019500-11020499,-0.139329
chrX:18021500-18022499,-0.139523
chr2R:3258500-3259499,-0.139549
chr3R:2137500-2138499,-0.139751
chr2R:9080500-9081499,-0.13983
chr3L:15371500-15372499,-0.139974
chr3R:6904000-6904999,-0.140005
chr2L:1479500-1480499,-0.14001
chrX:4818500-4819499,-0.140323
chrUextra:24160000-24160999,-0.140519
chr2L:18332000-18332999,-0.141137
chr2R:6887500-6888499,-0.141153
chr2R:16344000-16344999,-0.141311
chr3L:14317000-14317999,-0.141401
chr3L:16828500-16829499,-0.141512
chr3R:18910000-18910999,-0.141668
chr2R:9002500-9003499,-0.141682
chr2R:3795000-3795999,-0.141811
chrX:10541500-10542499,-0.141826
chr2R:5183500-5184499,-0.141964
chr2L:14458000-14458999,-0.14217
chr3R:26658000-26658999,-0.142704
chr2R:15794000-15794999,-0.142731
chrX:9192500-9193499,-0.143705
chrX:4817000-4817999,-0.143979
chr3L:7821500-7822499,-0.144088
chrX:14863000-14863999,-0.144843
chr2L:20044500-20045499,-0.145145
chrX:4367500-4368499,-0.145151
chr3R:16612000-16612999,-0.145282
chrX:8456000-8456999,-0.145358
chr3R:22642500-22643499,-0.14607
chr2L:6150000-6150999,-0.14633
chrX:1872500-1873499,-0.146564
chr3L:14389500-14390499,-0.147918
chrX:3944500-3945499,-0.148065
chr3R:9688000-9688999,-0.148467
chr2L:15701500-15702499,-0.149031
chr2R:13736000-13736999,-0.149401
chr3L:19025500-19026499,-0.149411
chr2R:7445000-7445999,-0.149413
chr3R:20287500-20288499,-0.149527
chrX:6333500-6334499,-0.14987
chr2L:3999500-4000499,-0.149918
chr3R:20552000-20552999,-0.149926
chr3L:13136500-13137499,-0.150196
chr2R:15901500-15902499,-0.150287
chr2L:7518000-7518999,-0.150559
chr3R:3604000-3604999,-0.151049
chr3R:10812000-10812999,-0.151138
chrX:12707500-12708499,-0.151339
chr3L:2643500-2644499,-0.151427
chr3L:771500-772499,-0.151724
chr2R:7887500-7888499,-0.151817
chr3L:3141500-3142499,-0.151878
chr2L:20589000-20589999,-0.151908
chr2L:18417500-18418499,-0.152188
chr3R:22242500-22243499,-0.152199
chrUextra:23536000-23536999,-0.152339
chr2R:15085000-15085999,-0.152441
chr2L:9048500-9049499,-0.152871
chrX:20700000-20700999,-0.153035
chr2R:16667500-16668499,-0.153766
chr2R:11795500-11796499,-0.153779
chr2R:16990500-16991499,-0.154244
chr2R:15211000-15211999,-0.154292
chr3L:12476500-12477499,-0.15447
chr2L:13319500-13320499,-0.154595
chr2L:14145500-14146499,-0.154922
chr3R:13248500-13249499,-0.155204
chr2L:2347500-2348499,-0.155235
chr3L:16756500-16757499,-0.155328
chr4:999500-1000499,-0.155371
chrX:19067000-19067999,-0.155416
chr2L:18752000-18752999,-0.155449
chrX:6274500-6275499,-0.155706
chrX:17213000-17213999,-0.155744
chr2L:18933500-18934499,-0.155936
chr2R:12971000-12971999,-0.155945
chrX:9916500-9917499,-0.156165
chr3L:3756000-3756999,-0.156199
chr2L:9666500-9667499,-0.156278
chr2R:11957000-11957999,-0.156499
chr2L:16653000-16653999,-0.156607
chr3R:15146500-15147499,-0.156701
chr2R:15927000-15927999,-0.156872
chr3L:1359500-1360499,-0.156944
chr2L:7269500-7270499,-0.156967
chr3R:10125000-10125999,-0.157112
chr3R:20638000-20638999,-0.157153
chr3R:16015000-16015999,-0.157381
chr3R:18993000-18993999,-0.157493
chrUextra:7923500-7924499,-0.157837
chr3R:17606000-17606999,-0.157968
chrX:19186000-19186999,-0.157983
chr3L:22141500-22142499,-0.158111
chr3R:20008000-20008999,-0.158139
chrX:10900500-10901499,-0.15823
chrX:17432000-17432999,-0.158245
chr3R:18909500-18910499,-0.158734
chr2L:2186000-2186999,-0.15884
chr3R:4275000-4275999,-0.159035
chr3L:4099500-4100499,-0.159547
chrX:20204500-20205499,-0.159796
chr2L:11926000-11926999,-0.159848
chr3R:17758000-17758999,-0.160265
chrX:16031000-16031999,-0.161165
chrX:13839500-13840499,-0.161571
chr3R:4367500-4368499,-0.161574
chr2L:20044000-20044999,-0.161668
chrX:18520000-18520999,-0.161751
chr3L:5808000-5808999,-0.162228
chr2L:3448000-3448999,-0.162664
chr3L:16648500-16649499,-0.162725
chr3L:4099000-4099999,-0.162796
chr3R:15185500-15186499,-0.163263
chr2L:12509000-12509999,-0.163537
chr3L:14458000-14458999,-0.164166
chr2R:9503000-9503999,-0.164251
chr3R:5685000-5685999,-0.164364
chr3L:14640000-14640999,-0.164532
chr3R:17469500-17470499,-0.16456
chr2L:4012000-4012999,-0.164883
chr2L:12855500-12856499,-0.165006
chr2L:4351500-4352499,-0.165281
chr3L:814500-815499,-0.165579
chr3R:24950000-24950999,-0.165714
chr2L:7290000-7290999,-0.165771
chrX:11399000-11399999,-0.166092
chr3R:26129500-26130499,-0.166202
chr3R:14998000-14998999,-0.166581
chr3R:3157000-3157999,-0.166781
chrU:7834000-7834999,-0.166822
chr3R:15891000-15891999,-0.166957
chrX:15515500-15516499,-0.167327
chr3R:4402500-4403499,-0.16748
chr3L:16967000-16967999,-0.167503
chr3L:21052500-21053499,-0.167822
chr2R:13784500-13785499,-0.167891
chr2L:619000-619999,-0.167986
chrX:17608500-17609499,-0.168064
chrX:7409000-7409999,-0.168169
chr3L:12447000-12447999,-0.168515
chr3R:7177500-7178499,-0.168538
chr3R:17425500-17426499,-0.168792
chrX:19325500-19326499,-0.169122
chr2R:7984500-7985499,-0.169246
chrM:9500-10499,-0.16926
chr3L:15311000-15311999,-0.169603
chr2R:11514500-11515499,-0.169653
chrX:17619000-17619999,-0.169969
chrX:18663500-18664499,-0.16999
chr3L:10122000-10122999,-0.170078
chrX:10408500-10409499,-0.170747
chr2L:9531500-9532499,-0.170845
chr2L:18333000-18333999,-0.170982
chr2R:1348000-1348999,-0.17134
chr2L:9149500-9150499,-0.171553
chrX:17765000-17765999,-0.17164
chr3R:7322500-7323499,-0.171703
chr3L:10796000-10796999,-0.171722
chr3L:16733500-16734499,-0.172234
chr2R:19145500-19146499,-0.17232
chrX:8254500-8255499,-0.172504
chrX:19263500-19264499,-0.172568
chr3R:9758500-9759499,-0.17268
chr3R:19069000-19069999,-0.172942
chrX:4636000-4636999,-0.172988
chr3L:5255000-5255999,-0.173077
chr2R:4472000-4472999,-0.173122
chr2L:20471000-20471999,-0.173239
chr3L:8679000-8679999,-0.173395
chrX:19430000-19430999,-0.17506
chr3R:1750000-1750999,-0.175066
chr2R:8363000-8363999,-0.175463
chr2L:4054000-4054999,-0.175562
chr2L:14316000-14316999,-0.175662
chr3R:2228500-2229499,-0.175844
chr3L:13084500-13085499,-0.17603
chrX:17281000-17281999,-0.176058
chr2L:12620500-12621499,-0.176245
chr2L:12495500-12496499,-0.176551
chr2L:13628000-13628999,-0.176665
chr2R:15593000-15593999,-0.176716
chr2L:494000-494999,-0.176747
chr2L:10563000-10563999,-0.176855
chrX:3579000-3579999,-0.177129
chrU:7193500-7194499,-0.177582
chrX:17286000-17286999,-0.177674
chr2L:19856500-19857499,-0.177791
chrX:7280000-7280999,-0.177902
chr3R:17407000-17407999,-0.177942
chr2R:7451500-7452499,-0.178013
chr3L:12893000-12893999,-0.178281
chr3L:13288500-13289499,-0.178394
chrX:8156500-8157499,-0.178483
chrX:7293000-7293999,-0.178683
chr3R:4704000-4704999,-0.178923
chr2R:21102500-21103499,-0.179184
chr2R:11127500-11128499,-0.179726
chr3R:6969000-6969999,-0.17974
chr3R:24040000-24040999,-0.179853
chr2L:13752000-13752999,-0.18017
chr2L:13034500-13035499,-0.180333
chr3R:6305500-6306499,-0.18036
chr3R:20094500-20095499,-0.180961
chr2L:617000-617999,-0.181063
chr3L:71000-71999,-0.181124
chr3R:6816500-6817499,-0.181584
chr3R:8917000-8917999,-0.181604
chrU:7997000-7997999,-0.181742
chr2L:4374500-4375499,-0.181863
chr3R:18722000-18722999,-0.182112
chr2L:17697500-17698499,-0.182117
chr3L:13296500-13297499,-0.182212
chrU:999500-1000499,-0.182224
chr2L:9365000-9365999,-0.18229
chr3R:19634000-19634999,-0.182372
chr3L:17272000-17272999,-0.182474
chr3R:2381500-2382499,-0.182519
chr3R:12488000-12488999,-0.182559
chr3R:9863500-9864499,-0.183081
chr2L:19623500-19624499,-0.1831
chr3L:9287500-9288499,-0.183288
chrX:2878000-2878999,-0.183418
chrUextra:27735000-27735999,-0.183537
chrX:9508000-9508999,-0.183687
chrX:8434500-8435499,-0.183762
chrX:14849500-14850499,-0.184125
chr2L:1242500-1243499,-0.184142
chr3L:3786000-3786999,-0.184277
chr3L:3098000-3098999,-0.184699
chr3L:6836500-6837499,-0.185491
chr3R:7939000-7939999,-0.185557
chr2R:16324500-16325499,-0.185622
chrU:9998000-9998999,-0.18564
chr3R:26101000-26101999,-0.185766
chr3L:18830500-18831499,-0.186065
chr3L:9641000-9641999,-0.186106
chr2L:6847500-6848499,-0.186198
chr2R:19226500-19227499,-0.186606
chr2L:21947000-21947999,-0.186799
chrX:12708000-12708999,-0.186983
chr3R:20551500-20552499,-0.187212
chr3L:6615500-6616499,-0.1874
chr3R:24909500-24910499,-0.187475
chr3R:7745500-7746499,-0.188217
chr3L:19218500-19219499,-0.188218
chrX:21277000-21277999,-0.188362
chrX:17666000-17666999,-0.18861
chr3R:10511500-10512499,-0.188616
chr2R:16471000-16471999,-0.188643
chr3R:6180000-6180999,-0.188955
chr2L:18418500-18419499,-0.189225
chr2L:5738000-5738999,-0.189311
chr3L:17986500-17987499,-0.189483
chr2L:9124500-9125499,-0.189664
chr3R:23548500-23549499,-0.190003
chr3R:11800500-11801499,-0.190025
chr3R:27681000-27681999,-0.190226
chr3R:14642500-14643499,-0.190552
chrX:15076500-15077499,-0.190715
chr3L:6833000-6833999,-0.190913
chr2R:15309000-15309999,-0.19103
chrX:9656000-9656999,-0.191702
chr2R:8432000-8432999,-0.191726
chr2R:6582500-6583499,-0.191753
chr3R:27342000-27342999,-0.191792
chr2L:3496000-3496999,-0.192095
chr2L:4143500-4144499,-0.192386
chr3R:27317500-27318499,-0.192615
chr3L:728000-728999,-0.192622
chr3R:4963500-4964499,-0.192751
chr3L:10954000-10954999,-0.192793
chr3L:2506000-2506999,-0.193014
chr2L:8758500-8759499,-0.193145
chr3R:21231500-21232499,-0.193356
chr3R:9274500-9275499,-0.193598
chr3L:3434000-3434999,-0.193724
chr3L:15909500-15910499,-0.193743
chr3R:2419500-2420499,-0.194249
chr2L:14673000-14673999,-0.194302
chr2R:6460500-6461499,-0.194326
chr3R:27528000-27528999,-0.194803
chr3R:17717500-17718499,-0.194839
chrX:10063500-10064499,-0.194856
chr3R:26544000-26544999,-0.194922
chr3L:8873500-8874499,-0.195183
chr3L:10558500-10559499,-0.19549
chr3R:13187000-13187999,-0.195717
chrX:1305500-1306499,-0.19577
chr2R:16855000-16855999,-0.195879
chr3L:17772500-17773499,-0.195897
chr2L:16486000-16486999,-0.195976
chr3R:2234500-2235499,-0.196265
chr2L:996500-997499,-0.196267
chr2R:13547000-13547999,-0.196434
chrX:15261500-15262499,-0.196753
chr2R:4701000-4701999,-0.197013
chr3R:13643500-13644499,-0.197382
chr3R:18852500-18853499,-0.19745
chr3R:17476000-17476999,-0.197941
chr3L:9755500-9756499,-0.19821
chr2R:15543500-15544499,-0.198282
chrX:18520500-18521499,-0.198457
chr3L:19756000-19756999,-0.198484
chrX:5783500-5784499,-0.198492
chr2L:1553000-1553999,-0.19858
chr3R:4330500-4331499,-0.198674
chr2R:17390000-17390999,-0.198692
chr3R:23250000-23250999,-0.198731
chr3R:13354000-13354999,-0.19883
chrX:6280500-6281499,-0.198836
chr2L:12520500-12521499,-0.198988
chrX:2658500-2659499,-0.199258
chr2L:14661500-14662499,-0.199525
chr2L:10108500-10109499,-0.199559
chr3L:12961000-12961999,-0.199647
chrU:5588000-5588999,-0.199914
chr3L:18417000-18417999,-0.200252
chr2R:15922000-15922999,-0.200332
chr3R:6926000-6926999,-0.20035
chrX:2934000-2934999,-0.200453
chr2R:15927500-15928499,-0.200469
chr3L:5224000-5224999,-0.200498
chr3R:18052500-18053499,-0.200605
chr2RHet:892000-892999,-0.200697
chrX:15101500-15102499,-0.200813
chr3L:6803500-6804499,-0.200848
chr2L:6522000-6522999,-0.201121
chr3L:10432000-10432999,-0.201392
chr3R:15890500-15891499,-0.20141
chr2R:4181500-4182499,-0.20157
chr3L:18829000-18829999,-0.201652
chrX:8970500-8971499,-0.201802
chr3L:3450000-3450999,-0.202111
chrX:15588500-15589499,-0.202152
chr3R:27807500-27808499,-0.202281
chrX:13252000-13252999,-0.202425
chr3L:12860000-12860999,-0.202467
chrUextra:24693000-24693999,-0.202765
chrX:1743000-1743999,-0.202814
chr3L:12279500-12280499,-0.20298
chr2L:10563500-10564499,-0.20352
chr3L:21764500-21765499,-0.203868
chr3R:4855500-4856499,-0.203914
chr2L:7516000-7516999,-0.204085
chr2L:9530000-9530999,-0.204165
chr3R:17717000-17717999,-0.20445
chr3R:24542500-24543499,-0.204646
chr3R:4950500-4951499,-0.204828
chr3R:6384000-6384999,-0.205034
chrX:9429500-9430499,-0.205231
chr2R:19548500-19549499,-0.205399
chrX:8650000-8650999,-0.205769
chr2L:7392500-7393499,-0.205794
chr3R:2076500-2077499,-0.205957
chr2L:637500-638499,-0.205975
chr3R:15414000-15414999,-0.20606
chr3L:10843500-10844499,-0.206332
chr3L:5780000-5780999,-0.20634
chrX:18147000-18147999,-0.206397
chr3L:3568000-3568999,-0.206422
chrX:1742500-1743499,-0.206893
chr3R:13909000-13909999,-0.207155
chr2R:19773000-19773999,-0.207314
chr3R:5804500-5805499,-0.207369
chrX:4491500-4492499,-0.207403
chrX:10395500-10396499,-0.207643
chr2L:2510000-2510999,-0.207808
chr2L:9588000-9588999,-0.207838
chrX:3944000-3944999,-0.207857
chrX:4088000-4088999,-0.207876
chr3L:12938500-12939499,-0.208046
chr3L:21222500-21223499,-0.208125
chr2L:7934500-7935499,-0.208336
chr2R:5217500-5218499,-0.208621
chr2R:12523000-12523999,-0.209014
chrX:2858500-2859499,-0.209883
chr2L:11485000-11485999,-0.210113
chrX:854500-855499,-0.210149
chrX:11396000-11396999,-0.210387
chrX:17302000-17302999,-0.210557
chr2R:6804000-6804999,-0.210612
chr2L:4261500-4262499,-0.210737
chr2R:19670000-19670999,-0.211368
chr2R:6059000-6059999,-0.211392
chr3R:7525000-7525999,-0.211507
chr3L:8812000-8812999,-0.211765
chr3L:16460000-16460999,-0.211839
chrX:20236500-20237499,-0.212027
chr3L:14558500-14559499,-0.212135
chrUextra:27438000-27438999,-0.212845
chr2R:2405500-2406499,-0.212887
chrX:18161500-18162499,-0.212998
chr2R:10954000-10954999,-0.213019
chr3L:14481000-14481999,-0.213172
chr2R:6740000-6740999,-0.213176
chrX:22188500-22189499,-0.213195
chr2L:16064500-16065499,-0.213278
chr2L:13465500-13466499,-0.213287
chr2L:9969000-9969999,-0.213298
chr3L:3562500-3563499,-0.213306
chr3L:13255500-13256499,-0.213775
chr2R:19215500-19216499,-0.213798
chr2L:520000-520999,-0.21399
chr2R:2849000-2849999,-0.214148
chr3R:9994000-9994999,-0.214312
chr2R:16706000-16706999,-0.214429
chr3L:18956500-18957499,-0.214648
chr3L:10513000-10513999,-0.214902
chr2L:6168000-6168999,-0.214981
chr2L:9096500-9097499,-0.215103
chr3R:19245000-19245999,-0.215251
chr2L:989000-989999,-0.21553
chr3R:13671500-13672499,-0.215652
chr3R:21522000-21522999,-0.215656
chr2L:12204000-12204999,-0.215682
chr3L:5095500-5096499,-0.215751
chr2L:1628500-1629499,-0.215792
chr3R:19352000-19352999,-0.216024
chr2L:15316500-15317499,-0.216272
chr2R:3192000-3192999,-0.216689
chrX:17624500-17625499,-0.216751
chr2L:5646500-5647499,-0.216759
chr2L:16256000-16256999,-0.216759
chr2L:20594000-20594999,-0.217229
chr3R:4978000-4978999,-0.217728
chr3R:9722500-9723499,-0.217882
chrX:16004000-16004999,-0.218534
chr3L:10290000-10290999,-0.218551
chr2R:12294000-12294999,-0.218884
chrX:603500-604499,-0.218943
chrX:4320500-4321499,-0.219106
chr3R:26121000-26121999,-0.21916
chr3R:21843500-21844499,-0.219183
chr2R:17027500-17028499,-0.219297
chr2L:20247000-20247999,-0.219303
chr3R:2373500-2374499,-0.219579
chr2R:20186500-20187499,-0.219615
chr3R:26544500-26545499,-0.219627
chr3R:22020500-22021499,-0.220543
chr2L:19880500-19881499,-0.220606
chrX:9240500-9241499,-0.220715
chr2L:14457500-14458499,-0.220798
chr3L:6807500-6808499,-0.22143
chr3R:21402000-21402999,-0.221546
chr3R:4285000-4285999,-0.221654
chr2R:10690000-10690999,-0.221756
chrUextra:25224000-25224999,-0.221992
chr2R:20171000-20171999,-0.222106
chr3R:19216000-19216999,-0.222853
chrX:17936000-17936999,-0.222934
chrX:1302500-1303499,-0.223037
chrX:790000-790999,-0.223129
chr3L:21646500-21647499,-0.223519
chr2R:10949000-10949999,-0.223645
chr2R:16082000-16082999,-0.223746
chr2L:12933000-12933999,-0.223795
chr2L:18728000-18728999,-0.223797
chrX:4816500-4817499,-0.223953
chr3R:1942000-1942999,-0.224142
chr2R:15582000-15582999,-0.224228
chrX:6357500-6358499,-0.224268
chr2L:1811500-1812499,-0.224306
chr2L:14673500-14674499,-0.224418
chr2R:19179000-19179999,-0.224627
chr2R:8430000-8430999,-0.22476
chr2L:15509000-15509999,-0.224877
chrX:10705500-10706499,-0.225027
chr3R:2625500-2626499,-0.225133
chr3L:12315500-12316499,-0.225141
chrX:12127500-12128499,-0.22528
chr2R:4557000-4557999,-0.225283
chr2R:12583000-12583999,-0.225477
chr3R:13644500-13645499,-0.22595
chr2L:17278500-17279499,-0.226127
chr3R:13893000-13893999,-0.226394
chrX:13461500-13462499,-0.226484
chr2R:20164000-20164999,-0.226664
chr3R:4511000-4511999,-0.227008
chr3R:27349500-27350499,-0.227133
chr3L:296000-296999,-0.227169
chrX:3340500-3341499,-0.227308
chr2L:675500-676499,-0.227392
chr2L:12478500-12479499,-0.227645
chr2R:15793500-15794499,-0.22798
chr2R:18338000-18338999,-0.228198
chr2R:5017500-5018499,-0.228253
chr3R:1152500-1153499,-0.228294
chrX:18371500-18372499,-0.228329
chr2R:12337500-12338499,-0.22849
chr3R:4987500-4988499,-0.228577
chr3L:10121500-10122499,-0.228797
chr3L:10333000-10333999,-0.228876
chr2R:15073500-15074499,-0.229
chr3R:23722500-23723499,-0.229021
chr3L:2861000-2861999,-0.229125
chr2L:16085000-16085999,-0.229286
chr2L:7216000-7216999,-0.229411
chr2R:20783500-20784499,-0.22964
chrX:568500-569499,-0.229708
chr3L:17492500-17493499,-0.229847
chr3L:5620500-5621499,-0.230001
chrX:20620000-20620999,-0.23022
chr3R:7076000-7076999,-0.230263
chr3L:9495500-9496499,-0.230299
chr2R:10316500-10317499,-0.230511
chrUextra:16502000-16502999,-0.230517
chr3L:19196000-19196999,-0.230621
chrX:244500-245499,-0.230731
chrX:2691000-2691999,-0.230814
chrX:555000-555999,-0.230834
chr2R:15037500-15038499,-0.230955
chr3L:17229500-17230499,-0.231083
chr3R:5743000-5743999,-0.231159
chr3R:27152500-27153499,-0.231176
chr2L:16087500-16088499,-0.231408
chr2L:10546500-10547499,-0.231754
chrX:15097500-15098499,-0.231795
chr3R:15341500-15342499,-0.231958
chr2L:1771500-1772499,-0.232212
chrX:2305000-2305999,-0.232611
chr2R:17757000-17757999,-0.232684
chr2L:9513500-9514499,-0.232729
chr3R:5739000-5739999,-0.23284
chrX:20450500-20451499,-0.232914
chr3R:17007000-17007999,-0.232981
chrX:20380000-20380999,-0.2331
chr3R:9244000-9244999,-0.23324
chrX:2855000-2855999,-0.233281
chr2L:14209500-14210499,-0.233336
chrX:11633000-11633999,-0.233525
chrX:16477500-16478499,-0.233796
chr3L:19328500-19329499,-0.234341
chrX:2928000-2928999,-0.234373
chr3R:14525000-14525999,-0.234489
chr3R:23668000-23668999,-0.234613
chrX:2698000-2698999,-0.234873
chr2R:8986500-8987499,-0.234904
chr3R:18622500-18623499,-0.235124
chr2L:20366000-20366999,-0.23514
chr2R:4535500-4536499,-0.235221
chrX:5041500-5042499,-0.235267
chr2L:18870000-18870999,-0.235267
chr3R:25403500-25404499,-0.235271
chr3L:15910000-15910999,-0.235368
chr2L:18189000-18189999,-0.23537
chrX:5749500-5750499,-0.235473
chr2R:15209500-15210499,-0.235493
chr3L:13790000-13790999,-0.235729
chrX:9507500-9508499,-0.235757
chr3L:5380000-5380999,-0.235819
chr3R:6196500-6197499,-0.235866
chr3R:23949000-23949999,-0.235958
chr2L:19936500-19937499,-0.236033
chr3L:6665000-6665999,-0.236051
chr2L:17211000-17211999,-0.236445
chr2R:11710000-11710999,-0.236484
chr2L:17636500-17637499,-0.236527
chr3R:15714500-15715499,-0.236559
chr2R:4182500-4183499,-0.236638
chr2R:3317000-3317999,-0.236752
chrX:18304500-18305499,-0.236894
chr2R:6633000-6633999,-0.236936
chr3R:15339000-15339999,-0.237005
chr3L:1069000-1069999,-0.237093
chrX:14600500-14601499,-0.237103
chr2L:3840500-3841499,-0.237172
chr2L:10613500-10614499,-0.237172
chr3R:3863500-3864499,-0.237184
chr3R:13640000-13640999,-0.237233
chrX:10176500-10177499,-0.237445
chrX:4745500-4746499,-0.237459
chr2L:15316000-15316999,-0.237561
chrX:10698000-10698999,-0.237649
chr3L:2437500-2438499,-0.237716
chr3R:4932500-4933499,-0.237895
chrX:21111500-21112499,-0.237913
chr2R:8384000-8384999,-0.237927
chr2R:3319500-3320499,-0.238142
chr3L:3529000-3529999,-0.238149
chrX:347000-347999,-0.238261
chr3R:15122500-15123499,-0.23847
chr3R:18903500-18904499,-0.238596
chr3R:10311000-10311999,-0.238783
chr3L:21033500-21034499,-0.238794
chr3R:5798500-5799499,-0.238934
chrX:3050500-3051499,-0.238972
chr2R:2436500-2437499,-0.238978
chrX:14508000-14508999,-0.239037
chrX:5173000-5173999,-0.239038
chrX:2465000-2465999,-0.239328
chr3R:2707000-2707999,-0.23939
chr3R:18077500-18078499,-0.239581
chr3L:19662500-19663499,-0.239603
chr3R:17638000-17638999,-0.239612
chr2L:7150500-7151499,-0.239693
chrX:15443500-15444499,-0.239696
chr2L:11966500-11967499,-0.239748
chrX:20477000-20477999,-0.23985
chr2R:17740500-17741499,-0.239929
chr3R:2870500-2871499,-0.240142
chr3L:16555500-16556499,-0.240184
chrX:1872000-1872999,-0.24035
chr3L:11524500-11525499,-0.240457
chr2R:20254500-20255499,-0.24051
chrX:8892000-8892999,-0.240675
chr3R:10300500-10301499,-0.240812
chr3R:9380000-9380999,-0.241049
chr3R:25041500-25042499,-0.241099
chr3R:19796000-19796999,-0.241593
chrX:17244000-17244999,-0.241814
chr2L:9513000-9513999,-0.242176
chrX:22293500-22294499,-0.242342
chrX:7064500-7065499,-0.242355
chrX:15452000-15452999,-0.242439
chr2R:4707500-4708499,-0.242727
chrX:2795500-2796499,-0.243062
chr2R:2406000-2406999,-0.243067
chr3R:15154500-15155499,-0.243108
chr2L:18333500-18334499,-0.243169
chr3L:4120000-4120999,-0.24317
chr2R:17463000-17463999,-0.24317
chr2R:16685500-16686499,-0.243172
chr3L:15712500-15713499,-0.243229
chr2L:15209500-15210499,-0.24325
chr3L:16504500-16505499,-0.243262
chr3R:9963000-9963999,-0.243531
chr3L:18317000-18317999,-0.243595
chr3R:25177000-25177999,-0.243639
chrX:17684000-17684999,-0.243686
chr2R:11991500-11992499,-0.243782
chr2L:18343500-18344499,-0.243844
chr3R:1885000-1885999,-0.243872
chr3L:4698500-4699499,-0.243874
chrX:18242500-18243499,-0.244205
chr2L:14150000-14150999,-0.244327
chr2L:19863000-19863999,-0.244379
chrX:5881500-5882499,-0.244392
chr3L:5100500-5101499,-0.244438
chrX:9628000-9628999,-0.244478
chr2R:11795000-11795999,-0.244639
chr3R:12498000-12498999,-0.244816
chr2R:9083000-9083999,-0.244881
chr3R:21980500-21981499,-0.244934
chr2L:20888500-20889499,-0.245165
chr3R:10108000-10108999,-0.245429
chr2R:17332000-17332999,-0.245464
chr3L:8648500-8649499,-0.245474
chr3R:3544500-3545499,-0.245621
chr3R:2026000-2026999,-0.245654
chr3L:21001000-21001999,-0.245714
chr3L:3971500-3972499,-0.245916
chr3L:19197500-19198499,-0.246003
chrX:5752000-5752999,-0.246118
chr3L:21016500-21017499,-0.246221
chrX:4503000-4503999,-0.246423
chr3L:4986500-4987499,-0.246766
chrX:15584500-15585499,-0.246842
chr3R:7370500-7371499,-0.246856
chr3R:20375500-20376499,-0.247125
chr2L:591000-591999,-0.24723
chr2R:13729500-13730499,-0.247267
chr3L:7619500-7620499,-0.247546
chrU:1044000-1044999,-0.247567
chr2L:12888000-12888999,-0.247614
chrX:12819000-12819999,-0.247637
chr3L:3569000-3569999,-0.247731
chr3L:9988500-9989499,-0.247747
chrX:17017500-17018499,-0.247816
chr3R:6947500-6948499,-0.247985
chr3L:17026500-17027499,-0.248065
chr2R:8670500-8671499,-0.248066
chr3R:26378500-26379499,-0.248087
chrUextra:17790000-17790999,-0.24813
chr3R:9731000-9731999,-0.248369
chrX:1388500-1389499,-0.248402
chr3R:4955500-4956499,-0.248501
chrX:3616500-3617499,-0.248636
chr2R:9005500-9006499,-0.248722
chr3R:3797000-3797999,-0.248839
chr3R:26058500-26059499,-0.248908
chr3R:23270000-23270999,-0.248934
chrX:19185500-19186499,-0.249047
chr2L:3343500-3344499,-0.249402
chr2L:21876000-21876999,-0.249469
chr3L:14242500-14243499,-0.249504
chrX:15542500-15543499,-0.249542
chr3L:8324000-8324999,-0.249654
chr2R:8609500-8610499,-0.249699
chr3R:3129000-3129999,-0.249752
chr2L:3739000-3739999,-0.249846
chr3R:7442000-7442999,-0.24985
chr2R:8952500-8953499,-0.249875
chr3R:5128500-5129499,-0.249908
chr3R:27763500-27764499,-0.250309
chr3R:16746500-16747499,-0.250413
chr3L:6839000-6839999,-0.25049
chr3R:9996500-9997499,-0.250743
chr3L:8877000-8877999,-0.251033
chr3R:2490500-2491499,-0.251488
chr3R:11467000-11467999,-0.251714
chr3L:17170000-17170999,-0.252069
chrX:9985000-9985999,-0.252319
chr3R:19129000-19129999,-0.252348
chrX:19053500-19054499,-0.252552
chrX:20389000-20389999,-0.252671
chr2R:20748500-20749499,-0.252789
chr2R:3144000-3144999,-0.253013
chr2L:13591000-13591999,-0.253248
chr3R:5905500-5906499,-0.253274
chrX:13766500-13767499,-0.253483
chrX:14345000-14345999,-0.253564
chr3L:14417000-14417999,-0.253756
chr3R:4925500-4926499,-0.253792
chr3R:1727500-1728499,-0.254032
chr2R:7066500-7067499,-0.25415
chr2L:7652000-7652999,-0.254203
chr2L:3816000-3816999,-0.254362
chrX:11151000-11151999,-0.25438
chr3R:13951500-13952499,-0.254551
chrX:999500-1000499,-0.254746
chrX:17683500-17684499,-0.254906
chr3R:2662500-2663499,-0.254945
chr2R:11562000-11562999,-0.255409
chr3R:17476500-17477499,-0.255451
chrX:11393000-11393999,-0.25548
chr2L:8548500-8549499,-0.255646
chr3L:18410500-18411499,-0.255917
chr3R:3983000-3983999,-0.255965
chr3L:13194000-13194999,-0.256146
chr2L:11168000-11168999,-0.256241
chr3R:23881000-23881999,-0.256376
chr2R:8120000-8120999,-0.25641
chrX:13481500-13482499,-0.256472
chrUextra:9185500-9186499,-0.256478
chr3R:2703000-2703999,-0.256498
chr2R:16721500-16722499,-0.25667
chr3L:6821500-6822499,-0.25684
chr2L:16845000-16845999,-0.256919
chr3R:24176500-24177499,-0.256957
chrX:11537000-11537999,-0.25696
chr3R:5759000-5759999,-0.257123
chr3L:2842500-2843499,-0.25718
chrX:14852000-14852999,-0.257346
chr2L:17041500-17042499,-0.257395
chr3R:12994500-12995499,-0.25749
chrX:6860500-6861499,-0.257499
chr3R:27725000-27725999,-0.257869
chr3L:22384500-22385499,-0.257945
chr3L:10339000-10339999,-0.257957
chr2R:3905000-3905999,-0.258027
chr2R:2983500-2984499,-0.258071
chr3L:2999500-3000499,-0.258078
chr2R:10301500-10302499,-0.258331
chr2R:18652500-18653499,-0.258561
chrX:5460000-5460999,-0.258946
chr3R:22090000-22090999,-0.258964
chr2L:848000-848999,-0.259129
chr3R:11861000-11861999,-0.259234
chr2R:3508000-3508999,-0.259344
chrU:217000-217999,-0.259518
chr3R:19270500-19271499,-0.259525
chrX:17414000-17414999,-0.259668
chr3L:1582000-1582999,-0.259685
chr2L:1095000-1095999,-0.259985
chr3L:6662500-6663499,-0.260012
chr3R:4382500-4383499,-0.260054
chr2L:8145500-8146499,-0.260104
chrX:3203500-3204499,-0.260276
chr2R:5903500-5904499,-0.260299
chr3R:11833000-11833999,-0.260323
chr2L:17207500-17208499,-0.260591
chr3L:9558000-9558999,-0.260691
chr3R:13425500-13426499,-0.260854
chr2L:7274000-7274999,-0.26123
chrX:2459500-2460499,-0.261241
chrX:6280000-6280999,-0.261343
chr3L:5822000-5822999,-0.261399
chrX:11681000-11681999,-0.261453
chrX:14345500-14346499,-0.261551
chr2R:19202000-19202999,-0.261553
chrX:6838000-6838999,-0.261685
chr2R:11506000-11506999,-0.261804
chr2L:5411000-5411999,-0.26192
chr3R:12762000-12762999,-0.262059
chrX:10660500-10661499,-0.262068
chrX:7264000-7264999,-0.262084
chr2R:16488500-16489499,-0.262101
chr2R:16045500-16046499,-0.262202
chr2R:10598000-10598999,-0.262295
chr2R:4701500-4702499,-0.262505
chr2R:3022000-3022999,-0.262523
chrUextra:108000-108999,-0.262544
chrX:4152000-4152999,-0.262783
chr3R:8158500-8159499,-0.262804
chr2L:1812000-1812999,-0.263001
chr3L:19156500-19157499,-0.263419
chr2L:6314000-6314999,-0.26365
chrX:11516500-11517499,-0.263695
chr2R:19454500-19455499,-0.263719
chr3R:710000-710999,-0.263753
chrX:21923000-21923999,-0.263874
chr2R:10109000-10109999,-0.264047
chr3R:25250500-25251499,-0.264186
chr3L:5267500-5268499,-0.264219
chr2L:3815500-3816499,-0.264314
chr2L:7515500-7516499,-0.264334
chr2L:16253000-16253999,-0.264357
chrU:4944000-4944999,-0.264364
chr2R:11174500-11175499,-0.264456
chr2R:2848500-2849499,-0.264474
chr3R:14969500-14970499,-0.264686
chr2L:16361000-16361999,-0.264725
chr3L:4632500-4633499,-0.264745
chr2L:1339500-1340499,-0.264912
chr2L:16593000-16593999,-0.264928
chrX:20429500-20430499,-0.265295
chr3R:26367000-26367999,-0.265401
chr3R:6578000-6578999,-0.265469
chr2R:4924500-4925499,-0.265826
chr2R:10034000-10034999,-0.266064
chr3R:10947500-10948499,-0.266166
chr3L:10122500-10123499,-0.266256
chr3L:1382500-1383499,-0.266279
chr2L:4724500-4725499,-0.266369
chrX:2413500-2414499,-0.266715
chr2R:20888500-20889499,-0.266776
chr2R:7980500-7981499,-0.266817
chr3R:16695000-16695999,-0.266962
chr3L:13741000-13741999,-0.267002
chrX:18848500-18849499,-0.267502
chr3L:15182500-15183499,-0.267507
chr3R:18391000-18391999,-0.26751
chr2R:16061000-16061999,-0.267617
chr3L:17407000-17407999,-0.267645
chrX:18728500-18729499,-0.26776
chr2R:6812500-6813499,-0.267884
chr3R:25603000-25603999,-0.267946
chrX:6308500-6309499,-0.268294
chr3L:13651000-13651999,-0.268373
chr3R:12369500-12370499,-0.268505
chr2R:12578000-12578999,-0.268694
chr2L:20571000-20571999,-0.268751
chrX:20389500-20390499,-0.268906
chrX:20770000-20770999,-0.268936
chr2L:9299500-9300499,-0.268978
chr3R:26087500-26088499,-0.269345
chr3R:5010000-5010999,-0.269366
chr3L:21102000-21102999,-0.269536
chr3L:1570000-1570999,-0.269755
chrX:2258000-2258999,-0.269836
chr3L:14865500-14866499,-0.269847
chr3L:9193000-9193999,-0.269852
chr2L:17769500-17770499,-0.270001
chr2L:10119500-10120499,-0.270016
chr2L:7594500-7595499,-0.270092
chr2R:16792000-16792999,-0.270342
chrX:20350500-20351499,-0.270475
chr3R:6937500-6938499,-0.270543
chrX:10660000-10660999,-0.270574
chr2L:13124000-13124999,-0.27064
chrX:2431500-2432499,-0.270666
chr3L:10645500-10646499,-0.270691
chr3R:6427500-6428499,-0.270811
chr2L:168500-169499,-0.271028
chr3L:2030500-2031499,-0.271076
chr2L:17900500-17901499,-0.271134
chr2L:19164000-19164999,-0.271253
chr2L:13994500-13995499,-0.271283
chr3R:21220500-21221499,-0.271371
chr3R:20670000-20670999,-0.271461
chr3R:27303500-27304499,-0.27148
chr2R:18259000-18259999,-0.271525
chrX:18808500-18809499,-0.271931
chr2R:10033500-10034499,-0.272127
chrX:12788000-12788999,-0.272149
chr2L:1965000-1965999,-0.272272
chr2L:3842500-3843499,-0.272309
chrUextra:22636500-22637499,-0.272375
chr2R:3203500-3204499,-0.272481
chr2L:2822000-2822999,-0.272488
chr3L:21252500-21253499,-0.272676
chr3R:19766000-19766999,-0.272799
chrX:20378500-20379499,-0.272922
chrX:12937500-12938499,-0.272973
chr3R:24161500-24162499,-0.272983
chrX:8833000-8833999,-0.273012
chr2R:6671500-6672499,-0.273161
chr3R:22645500-22646499,-0.273323
chr3R:13884000-13884999,-0.273761
chrX:3122000-3122999,-0.273854
chr3R:27728500-27729499,-0.273886
chr3R:21374000-21374999,-0.273933
chr2L:20471500-20472499,-0.274006
chr2R:7433000-7433999,-0.274259
chr3R:15950500-15951499,-0.27435
chr2L:4325500-4326499,-0.274421
chrX:12149000-12149999,-0.27451
chr3R:19123500-19124499,-0.274511
chrX:17849000-17849999,-0.274574
chr3L:952500-953499,-0.274609
chr2L:1757000-1757999,-0.274637
chr2R:16830000-16830999,-0.274702
chr3R:5696500-5697499,-0.274796
chr2R:18912000-18912999,-0.274909
chr2L:910000-910999,-0.27505
chr2R:7896000-7896999,-0.275109
chrUextra:27946000-27946999,-0.275135
chr3L:22603500-22604499,-0.275163
chr3L:3551000-3551999,-0.275227
chrX:17378500-17379499,-0.275443
chr3L:12572500-12573499,-0.275447
chrX:16097000-16097999,-0.275458
chr3R:26356000-26356999,-0.275546
chr3L:3856500-3857499,-0.275752
chrX:1316000-1316999,-0.275849
chr2L:7570000-7570999,-0.275972
chr2R:16066500-16067499,-0.276082
chrX:11159500-11160499,-0.276161
chr3L:22691500-22692499,-0.276175
chr3R:19795000-19795999,-0.276202
chr3L:6614500-6615499,-0.276412
chr2R:4042000-4042999,-0.276417
chrX:4745000-4745999,-0.27645
chrX:19913500-19914499,-0.276512
chr3L:13767500-13768499,-0.276608
chr2R:13876000-13876999,-0.27681
chr3L:18831000-18831999,-0.277093
chr3L:8362500-8363499,-0.277122
chr3L:6760000-6760999,-0.277158
chrX:10900000-10900999,-0.277453
chrX:6387000-6387999,-0.277527
chr2R:3440000-3440999,-0.277527
chr2R:14700000-14700999,-0.277629
chrX:12132500-12133499,-0.277691
chrX:10574500-10575499,-0.277774
chrX:18636500-18637499,-0.277781
chrX:21684500-21685499,-0.277848
chr3L:22477000-22477999,-0.277869
chr2R:6238500-6239499,-0.278135
chr2R:5305500-5306499,-0.278303
chr2R:14532500-14533499,-0.278573
chrX:18110500-18111499,-0.278575
chr3R:711500-712499,-0.278619
chr3L:634000-634999,-0.278773
chr3L:11854000-11854999,-0.278933
chr2L:17764500-17765499,-0.279001
chrX:2690500-2691499,-0.27911
chr2L:1967000-1967999,-0.279392
chr3R:21920000-21920999,-0.279544
chr2R:4237000-4237999,-0.279592
chrX:11156500-11157499,-0.27999
chr3L:21912000-21912999,-0.280099
chrX:2883500-2884499,-0.280161
chr3L:15629000-15629999,-0.280189
chr3R:19795500-19796499,-0.280203
chrX:4830500-4831499,-0.280219
chrX:22188000-22188999,-0.280485
chr2L:13882000-13882999,-0.280524
chr2L:3486500-3487499,-0.280593
chr3L:5485500-5486499,-0.280842
chr2R:1597500-1598499,-0.280955
chr3R:9781500-9782499,-0.280987
chr2R:6803500-6804499,-0.2811
chr2L:16418500-16419499,-0.281282
chr3R:26724000-26724999,-0.2815
chrX:18637000-18637999,-0.281608
chr3L:22343000-22343999,-0.281891
chr3R:14722000-14722999,-0.281945
chr3R:16142000-16142999,-0.282019
chrX:8427500-8428499,-0.28226
chr3R:929000-929999,-0.282265
chrX:6049500-6050499,-0.282349
chr3R:27048000-27048999,-0.282391
chr2L:13625500-13626499,-0.282515
chr2L:1442000-1442999,-0.282649
chr3R:2595000-2595999,-0.282725
chr2L:7216500-7217499,-0.283169
chr2L:11583500-11584499,-0.28328
chr2L:20271000-20271999,-0.283382
chr3L:12561500-12562499,-0.283402
chr2L:17302500-17303499,-0.283459
chr2R:14226500-14227499,-0.283532
chr2L:4049500-4050499,-0.283677
chr3L:18040000-18040999,-0.283778
chr3L:10220500-10221499,-0.283798
chrX:9492000-9492999,-0.284004
chrX:20377500-20378499,-0.284053
chr3L:12027000-12027999,-0.284218
chr2L:17167000-17167999,-0.284327
chr3R:1496500-1497499,-0.284339
chrX:10355500-10356499,-0.284405
chrX:14701000-14701999,-0.284439
chr3R:3375000-3375999,-0.284515
chrX:4818000-4818999,-0.284777
chr3R:853000-853999,-0.284784
chrX:11438000-11438999,-0.284926
chr3L:22168000-22168999,-0.284952
chr3R:7870000-7870999,-0.285261
chr3L:14215500-14216499,-0.285585
chr3L:22142000-22142999,-0.285653
chr3R:22089500-22090499,-0.28589
chrX:8418500-8419499,-0.285948
chr2L:637000-637999,-0.286198
chr2R:13205000-13205999,-0.286464
chr3R:11492500-11493499,-0.286671
chr3L:22099500-22100499,-0.286778
chrX:4197000-4197999,-0.286922
chr3R:4201000-4201999,-0.286923
chr3L:3568500-3569499,-0.286935
chr2R:16807000-16807999,-0.286962
chr2R:15038000-15038999,-0.287037
chrX:17819500-17820499,-0.287127
chr3R:12366500-12367499,-0.287505
chr3R:10695000-10695999,-0.287506
chr3L:19049000-19049999,-0.287591
chrX:18843000-18843999,-0.287666
chrX:14645000-14645999,-0.287705
chrX:1943500-1944499,-0.287718
chr3R:9338000-9338999,-0.287809
chr3L:2321500-2322499,-0.287815
chr3L:3098500-3099499,-0.288108
chr2R:6539500-6540499,-0.288168
chr2L:10613000-10613999,-0.288267
chrX:7061500-7062499,-0.288378
chrX:10324500-10325499,-0.288684
chr3L:20538500-20539499,-0.288892
chr3R:27277500-27278499,-0.289248
chr3L:19177500-19178499,-0.289306
chrX:11878000-11878999,-0.289336
chrX:17311500-17312499,-0.289813
chr2L:4244500-4245499,-0.290296
chr2L:5926500-5927499,-0.29061
chr2L:15949500-15950499,-0.290644
chr2L:15123000-15123999,-0.290787
chr2R:6957500-6958499,-0.290822
chr2R:12260500-12261499,-0.290846
chrX:6939500-6940499,-0.291033
chrX:5105500-5106499,-0.291366
chrX:3646000-3646999,-0.29147
chr3L:3798000-3798999,-0.291605
chr2R:4164000-4164999,-0.291978
chr3R:20551000-20551999,-0.291998
chr3R:12623000-12623999,-0.292032
chr3L:970000-970999,-0.292117
chr3R:26627000-26627999,-0.292151
chrX:4406500-4407499,-0.292196
chr3L:16480500-16481499,-0.292255
chr3L:6873000-6873999,-0.292297
chrUextra:23175000-23175999,-0.292388
chrX:4408000-4408999,-0.292501
chrX:14467000-14467999,-0.292515
chr2R:17306000-17306999,-0.292533
chr2L:19888500-19889499,-0.292686
chr3R:12255500-12256499,-0.292802
chr3L:17296000-17296999,-0.293009
chr3L:10776500-10777499,-0.29304
chr2L:8291000-8291999,-0.293078
chr2R:4164500-4165499,-0.293139
chr3L:2858000-2858999,-0.293201
chr3L:19699500-19700499,-0.293217
chr2L:5868500-5869499,-0.293402
chr2L:18913500-18914499,-0.293648
chr3R:6447500-6448499,-0.294001
chr3R:16032500-16033499,-0.294078
chr2R:16107000-16107999,-0.294223
chrX:989500-990499,-0.294331
chr2L:17382000-17382999,-0.29453
chrX:3325500-3326499,-0.294584
chr2R:4042500-4043499,-0.294595
chr3R:2817000-2817999,-0.294614
chr3R:15149000-15149999,-0.294619
chr2L:11331500-11332499,-0.294645
chrX:8865000-8865999,-0.294647
chr3L:12248000-12248999,-0.294749
chr3R:10278000-10278999,-0.294758
chr3L:21821500-21822499,-0.294901
chrX:6275000-6275999,-0.29497
chr2R:17794000-17794999,-0.294981
chr3L:10987000-10987999,-0.294984
chrU:22500-23499,-0.29504
chrX:11878500-11879499,-0.295433
chr2R:20813000-20813999,-0.295502
chr2L:5116500-5117499,-0.295656
chr2R:6246000-6246999,-0.29575
chr2L:1265000-1265999,-0.29589
chrX:16915000-16915999,-0.295915
chr2L:6795000-6795999,-0.295915
chr3R:6775000-6775999,-0.295957
chr2L:7302500-7303499,-0.295996
chr2L:605000-605999,-0.29601
chr2L:7138500-7139499,-0.296063
chr3R:23718500-23719499,-0.296163
chr2R:8674000-8674999,-0.296358
chr3R:4512500-4513499,-0.296583
chr3L:2873500-2874499,-0.296748
chr3L:14776500-14777499,-0.296782
chr2R:20188000-20188999,-0.29681
chr2L:11955000-11955999,-0.296811
chr3L:10597500-10598499,-0.29688
chrX:13461000-13461999,-0.296902
chr3L:1369500-1370499,-0.296912
chr2L:6987500-6988499,-0.296975
chr2R:6423000-6423999,-0.297182
chr2L:12190000-12190999,-0.297318
chr2R:19002500-19003499,-0.297628
chr2L:16754500-16755499,-0.297666
chr3L:22598000-22598999,-0.297723
chr2L:2162000-2162999,-0.297909
chr2L:1591000-1591999,-0.297935
chr2L:9282500-9283499,-0.297948
chr3L:7641000-7641999,-0.297956
chrX:5828500-5829499,-0.298048
chrX:15327500-15328499,-0.298049
chr2R:18382000-18382999,-0.298079
chr2R:15997000-15997999,-0.298083
chrX:1102500-1103499,-0.298292
chr2R:13514000-13514999,-0.298468
chrX:5612000-5612999,-0.298624
chrX:9669500-9670499,-0.298808
chr2L:8559000-8559999,-0.299424
chr3R:5127000-5127999,-0.299648
chr3R:2995000-2995999,-0.299687
chr3R:5941500-5942499,-0.299717
chr3L:4841500-4842499,-0.299752
chr2R:19122500-19123499,-0.300013
chr2L:19790500-19791499,-0.300118
chr2L:12233500-12234499,-0.300229
chr3L:16819000-16819999,-0.300644
chrUextra:26907000-26907999,-0.300698
chr2L:7280000-7280999,-0.300815
chr2L:18259000-18259999,-0.300961
chr2L:12658500-12659499,-0.300976
chr2L:20612000-20612999,-0.301022
chr3R:12054500-12055499,-0.301081
chr2L:5300000-5300999,-0.301312
chr3R:17886500-17887499,-0.301401
chrX:15051500-15052499,-0.301495
chrX:11389500-11390499,-0.301727
chrX:17441000-17441999,-0.301899
chrX:10829500-10830499,-0.30193
chr2L:2314000-2314999,-0.301934
chr2L:12075500-12076499,-0.301949
chr3R:12664500-12665499,-0.302009
chr2L:4065000-4065999,-0.302017
chr2L:15910000-15910999,-0.30219
chrX:989000-989999,-0.302192
chrX:12905000-12905999,-0.302279
chr3L:1373500-1374499,-0.302577
chr3R:24889000-24889999,-0.302606
chr2R:5217000-5217999,-0.302653
chr2R:13189500-13190499,-0.302887
chrX:11397000-11397999,-0.303126
chr2R:16020500-16021499,-0.303223
chr2R:12575000-12575999,-0.303433
chr3R:14639500-14640499,-0.303442
chr2L:7291500-7292499,-0.303489
chr2R:15210500-15211499,-0.30356
chr3R:20299500-20300499,-0.303689
chr2R:13945500-13946499,-0.303712
chr3R:1116000-1116999,-0.303778
chr2L:20549500-20550499,-0.303788
chr2L:16414500-16415499,-0.303882
chr2L:14066000-14066999,-0.303921
chr3L:3726500-3727499,-0.303959
chr3R:3603500-3604499,-0.303965
chrX:16097500-16098499,-0.303977
chr3L:3339000-3339999,-0.304576
chrX:19835500-19836499,-0.30461
chr2L:17042000-17042999,-0.30461
chr3R:9382000-9382999,-0.304831
chrX:15264500-15265499,-0.304841
chrX:18623500-18624499,-0.304876
chr3L:18750000-18750999,-0.304944
chr3R:23842500-23843499,-0.30507
chr3L:1382000-1382999,-0.305093
chr3R:20389000-20389999,-0.305507
chr2L:5737500-5738499,-0.305633
chr3R:14647500-14648499,-0.305775
chr3L:16214000-16214999,-0.305801
chr2R:8986000-8986999,-0.305881
chr2L:18415500-18416499,-0.305918
chr2R:16095500-16096499,-0.306018
chr2R:15507500-15508499,-0.306064
chr3R:10413000-10413999,-0.306146
chr3L:12864000-12864999,-0.306279
chr2L:2388000-2388999,-0.306327
chr2L:11491000-11491999,-0.30639
chr2R:13198000-13198999,-0.306403
chr2L:10657000-10657999,-0.306464
chr2R:19166500-19167499,-0.30653
chr2R:4541000-4541999,-0.306593
chr3R:1749500-1750499,-0.306594
chrX:4346500-4347499,-0.306623
chr3R:8139000-8139999,-0.306641
chr3L:4606500-4607499,-0.306707
chr3L:11035000-11035999,-0.306751
chr3L:13282000-13282999,-0.30678
chrX:17692000-17692999,-0.306814
chr3R:3289000-3289999,-0.30712
chrX:12593500-12594499,-0.307138
chr3R:2349500-2350499,-0.307207
chr3R:23285000-23285999,-0.307268
chr2R:9964000-9964999,-0.307347
chr3L:13156500-13157499,-0.307401
chrUextra:17789500-17790499,-0.307488
chrUextra:20272500-20273499,-0.307508
chrX:1092000-1092999,-0.307856
chr3R:26096500-26097499,-0.308019
chrX:10935500-10936499,-0.308169
chr3L:20907000-20907999,-0.308279
chr3R:13263500-13264499,-0.308599
chr3R:24456500-24457499,-0.308903
chr3R:16285500-16286499,-0.309061
chr2L:13093500-13094499,-0.309188
chr3R:4444000-4444999,-0.30921
chr3R:27049500-27050499,-0.309384
chr2L:4130000-4130999,-0.309442
chr2R:12245500-12246499,-0.309529
chrX:12787500-12788499,-0.309531
chr3L:7783500-7784499,-0.309666
chr3R:23559500-23560499,-0.309799
chrX:20204000-20204999,-0.309828
chrX:19917000-19917999,-0.309886
chr2R:16307500-16308499,-0.310258
chr3R:3796500-3797499,-0.310387
chrX:206000-206999,-0.310419
chr2L:18229000-18229999,-0.310457
chr3R:21399500-21400499,-0.310458
chr3R:7437500-7438499,-0.310561
chr2L:20803500-20804499,-0.310586
chrX:3090000-3090999,-0.310628
chrX:2414000-2414999,-0.310688
chr2R:13923500-13924499,-0.310811
chr2R:7629500-7630499,-0.310822
chrX:17301500-17302499,-0.310903
chr2R:12607500-12608499,-0.310937
chr2L:12480000-12480999,-0.310941
chr2L:8499000-8499999,-0.310947
chr2L:15547000-15547999,-0.311289
chr3R:27724500-27725499,-0.311658
chr3R:4521000-4521999,-0.311791
chrX:5173500-5174499,-0.312057
chr2L:14608500-14609499,-0.312067
chr3L:14080000-14080999,-0.312143
chr2L:12279500-12280499,-0.312259
chr3R:1739500-1740499,-0.312261
chr2R:15937000-15937999,-0.312374
chr2R:7356500-7357499,-0.31248
chr2L:1815000-1815999,-0.312561
chr2L:747000-747999,-0.312651
chr2L:1544000-1544999,-0.312947
chr2L:14629000-14629999,-0.312952
chr3L:20637000-20637999,-0.31296
chr2R:18252000-18252999,-0.313069
chr3R:7073000-7073999,-0.313086
chr3L:16470000-16470999,-0.313113
chr3L:6294500-6295499,-0.313187
chr3R:16101500-16102499,-0.313324
chr2R:19105000-19105999,-0.31333
chr2R:11022500-11023499,-0.313454
chr3R:1556500-1557499,-0.313474
chr2L:20528000-20528999,-0.313737
chr2R:12293500-12294499,-0.313824
chr2R:20947000-20947999,-0.31386
chrX:768000-768999,-0.313914
chr3L:22538500-22539499,-0.314189
chr3R:15281000-15281999,-0.314297
chr3R:17992000-17992999,-0.314322
chr2L:15863500-15864499,-0.314531
chr3R:10896000-10896999,-0.314665
chr2R:8661500-8662499,-0.314799
chr2L:3674500-3675499,-0.314851
chrX:10046500-10047499,-0.315247
chr3R:5750000-5750999,-0.315593
chr2R:20903000-20903999,-0.315614
chr3L:751000-751999,-0.315721
chr3L:4077500-4078499,-0.315907
chr3R:10285500-10286499,-0.315924
chr2R:7381500-7382499,-0.316026
chr2R:6633500-6634499,-0.316026
chr2L:4550500-4551499,-0.316027
chrX:21341000-21341999,-0.316072
chr2L:3135500-3136499,-0.31616
chrUextra:14057000-14057999,-0.316183
chrX:20321000-20321999,-0.316189
chr3R:26389500-26390499,-0.316296
chr2R:10591500-10592499,-0.316309
chr2L:6221500-6222499,-0.316319
chrX:4350000-4350999,-0.316627
chr3L:3029500-3030499,-0.316647
chrX:19263000-19263999,-0.316675
chr2L:8630000-8630999,-0.316692
chr3L:393000-393999,-0.316804
chr3L:19149000-19149999,-0.316851
chr3L:13145500-13146499,-0.316913
chr2R:12296500-12297499,-0.317126
chr3R:17075000-17075999,-0.31721
chr2L:9604000-9604999,-0.317284
chr2L:16458000-16458999,-0.317395
chrX:8620500-8621499,-0.317521
chr3R:18091000-18091999,-0.317555
chr2R:20230000-20230999,-0.317652
chrX:12399000-12399999,-0.317703
chr2R:18474500-18475499,-0.317724
chr2R:16829500-16830499,-0.317842
chrX:7281500-7282499,-0.317939
chr3L:22654500-22655499,-0.317964
chr2L:5680000-5680999,-0.318532
chr3R:2293000-2293999,-0.318538
chr3R:14372000-14372999,-0.318538
chrX:5480500-5481499,-0.318548
chr2L:17026500-17027499,-0.318548
chr2R:14963000-14963999,-0.318593
chr3L:5851500-5852499,-0.318785
chr3L:15348000-15348999,-0.318789
chr3R:8431500-8432499,-0.318812
chr2R:4466000-4466999,-0.31893
chr2R:18985500-18986499,-0.31899
chr2L:1389000-1389999,-0.319003
chrX:7287500-7288499,-0.319034
chr2R:4524500-4525499,-0.319088
chr2L:504500-505499,-0.319244
chr3L:5025000-5025999,-0.319371
chr3L:9274500-9275499,-0.319565
chr2L:1890000-1890999,-0.319575
chr3L:18761000-18761999,-0.319619
chrX:5926500-5927499,-0.319754
chr3L:22372500-22373499,-0.319805
chr3L:8684000-8684999,-0.319877
chr3R:4250000-4250999,-0.320274
chr2R:7031500-7032499,-0.32033
chrUextra:27832500-27833499,-0.32036
chr2L:17786000-17786999,-0.320417
chr2R:11522000-11522999,-0.320492
chr3R:22334000-22334999,-0.320676
chr3L:9544000-9544999,-0.320851
chrX:7282000-7282999,-0.321164
chrX:4816000-4816999,-0.321207
chr2R:6451500-6452499,-0.321317
chr2R:16016000-16016999,-0.321348
chr2L:17416000-17416999,-0.321483
chr2R:21009500-21010499,-0.321612
chr3R:16621000-16621999,-0.321706
chrX:8248500-8249499,-0.321781
chr3R:9643500-9644499,-0.321891
chr3L:9515000-9515999,-0.321944
chrX:15065500-15066499,-0.322001
chrX:3426500-3427499,-0.322014
chr3R:9403000-9403999,-0.322088
chr2L:1770500-1771499,-0.322133
chr2L:13928000-13928999,-0.322151
chr2R:4466500-4467499,-0.322234
chr3L:13275500-13276499,-0.322499
chrX:4474500-4475499,-0.322843
chr3L:6039000-6039999,-0.323001
chr2R:19065000-19065999,-0.323071
chrX:12716000-12716999,-0.323131
chrX:20871000-20871999,-0.323186
chr3R:6475000-6475999,-0.323249
chrX:1029000-1029999,-0.323257
chr3L:13666000-13666999,-0.323414
chrU:7996500-7997499,-0.323507
chr3L:6340500-6341499,-0.323639
chr3L:19690000-19690999,-0.323675
chr2R:8343500-8344499,-0.32368
chr2R:20255000-20255999,-0.323877
chr2L:22639500-22640499,-0.323893
chr2L:18013500-18014499,-0.324023
chr3R:4800000-4800999,-0.324084
chr2L:15352500-15353499,-0.324188
chr3L:18514000-18514999,-0.32438
chr3L:13650500-13651499,-0.324396
chr3R:23257500-23258499,-0.32455
chr3L:12188000-12188999,-0.324904
chrX:12841500-12842499,-0.325125
chr3R:11575000-11575999,-0.325149
chr2R:3254500-3255499,-0.325151
chrX:5717000-5717999,-0.325358
chr3L:10597000-10597999,-0.325862
chr3L:2895500-2896499,-0.325918
chrX:11776000-11776999,-0.326076
chr2R:5252500-5253499,-0.326118
chrX:22064500-22065499,-0.326121
chrX:18891500-18892499,-0.326154
chrX:7267500-7268499,-0.326161
chr3L:18749500-18750499,-0.32621
chr3R:15296000-15296999,-0.326476
chr2L:15210000-15210999,-0.326525
chr2R:3505000-3505999,-0.326615
chr2R:13953000-13953999,-0.326654
chr3L:5963500-5964499,-0.32667
chr2R:2854000-2854999,-0.326764
chrX:16071500-16072499,-0.327007
chr2L:17057500-17058499,-0.327074
chr2L:19722000-19722999,-0.327092
chr2L:7577000-7577999,-0.327313
chrX:13741000-13741999,-0.327344
chrX:14645500-14646499,-0.327432
chr3L:4265000-4265999,-0.327433
chr2R:6961000-6961999,-0.327496
chrX:8306500-8307499,-0.327546
chrX:14400000-14400999,-0.32769
chr2L:4287500-4288499,-0.327702
chrX:15451500-15452499,-0.327788
chr2L:15402500-15403499,-0.327805
chrX:18848000-18848999,-0.327931
chrX:8215000-8215999,-0.328097
chr3R:1034000-1034999,-0.328138
chrX:17431500-17432499,-0.328142
chrX:12729000-12729999,-0.328185
chr2R:7052000-7052999,-0.328287
chr4:1119000-1119999,-0.328294
chrX:9626000-9626999,-0.328308
chr3R:19922500-19923499,-0.328396
chrX:4285500-4286499,-0.328759
chr2L:14446000-14446999,-0.328762
chr3R:4862500-4863499,-0.329173
chr2L:5826000-5826999,-0.329186
chr2R:10614500-10615499,-0.329229
chrX:3008500-3009499,-0.329247
chr3R:7190000-7190999,-0.329318
chr3L:10830500-10831499,-0.329451
chr2L:765000-765999,-0.329454
chr3R:15903500-15904499,-0.329516
chr3R:21402500-21403499,-0.329653
chr2L:18794000-18794999,-0.32982
chr3R:13825500-13826499,-0.330314
chr3R:17984500-17985499,-0.330363
chr3L:12043000-12043999,-0.33042
chr3R:1143000-1143999,-0.330421
chr3L:2003000-2003999,-0.33047
chr3L:19106000-19106999,-0.330745
chr2R:18140500-18141499,-0.330886
chr2L:13488000-13488999,-0.330933
chr2R:2447000-2447999,-0.331021
chr2R:19220500-19221499,-0.33114
chr3R:21381500-21382499,-0.33115
chr3R:9731500-9732499,-0.331185
chr2R:20105500-20106499,-0.331233
chr2R:16073500-16074499,-0.331234
chr3R:4248000-4248999,-0.331243
chr2R:15801000-15801999,-0.331277
chrX:9558000-9558999,-0.331301
chr2L:11693500-11694499,-0.331432
chr2R:1767500-1768499,-0.331442
chr3L:11413000-11413999,-0.331458
chrX:3020500-3021499,-0.331565
chrX:9911500-9912499,-0.331593
chrX:1859000-1859999,-0.331611
chr2L:13124500-13125499,-0.331726
chr2L:20507000-20507999,-0.331824
chr3R:26107500-26108499,-0.331864
chr3R:14653000-14653999,-0.332097
chr3R:4984500-4985499,-0.332251
chr2R:4524000-4524999,-0.332476
chr3R:15255500-15256499,-0.332521
chr3L:2142500-2143499,-0.332551
chrX:2187000-2187999,-0.332572
chrX:3672000-3672999,-0.332683
chr2R:13158500-13159499,-0.332756
chr3R:7426500-7427499,-0.332838
chr3L:18354500-18355499,-0.332853
chr2L:17338500-17339499,-0.332858
chr3R:11585500-11586499,-0.332958
chr3R:17870500-17871499,-0.332962
chrX:18430500-18431499,-0.333028
chr3R:18498000-18498999,-0.333035
chr2R:15045000-15045999,-0.333056
chr2L:11907500-11908499,-0.333366
chr3L:15706000-15706999,-0.333421
chr2L:17552500-17553499,-0.333428
chrX:21923500-21924499,-0.333506
chrX:17304500-17305499,-0.333541
chr2R:14234000-14234999,-0.333829
chr3R:6404000-6404999,-0.333831
chr3L:3978000-3978999,-0.33398
chr3R:23229000-23229999,-0.334149
chr3R:8663500-8664499,-0.33416
chrX:10093500-10094499,-0.334249
chr2R:15729500-15730499,-0.334375
chr2R:11019000-11019999,-0.334497
chr3L:7407000-7407999,-0.334558
chr2L:15182500-15183499,-0.334652
chr3L:13603500-13604499,-0.33474
chr2L:2932000-2932999,-0.334831
chr2R:12288000-12288999,-0.335056
chr2L:3835500-3836499,-0.335064
chr3R:3864000-3864999,-0.335184
chr3R:9627500-9628499,-0.335198
chrX:15423000-15423999,-0.335228
chr2R:9803000-9803999,-0.335244
chr2L:14134500-14135499,-0.335286
chr2RHet:775000-775999,-0.335303
chr3L:20880000-20880999,-0.335338
chr2R:10622000-10622999,-0.335504
chrX:15002000-15002999,-0.335525
chr3R:2707500-2708499,-0.335546
chr2R:7444500-7445499,-0.33558
chr3L:16760500-16761499,-0.335617
chr2L:22032500-22033499,-0.335661
chr2L:14660000-14660999,-0.335693
chr2L:7490500-7491499,-0.335715
chr2R:2867500-2868499,-0.33578
chr2L:2897500-2898499,-0.335819
chrUextra:20069500-20070499,-0.335867
chr2L:12683000-12683999,-0.335931
chrX:13839000-13839999,-0.336072
chrX:3554500-3555499,-0.336435
chr3L:4053500-4054499,-0.336451
chr3L:17056500-17057499,-0.33649
chrX:9685500-9686499,-0.336503
chr3R:10325000-10325999,-0.336511
chr2R:14581000-14581999,-0.336542
chrUextra:2055000-2055999,-0.336576
chr2R:20891500-20892499,-0.336577
chrXHet:99500-100499,-0.336637
chr2L:12804000-12804999,-0.336681
chr2R:10594000-10594999,-0.336917
chr3L:11664000-11664999,-0.337057
chr3R:22364500-22365499,-0.337248
chr3R:9814500-9815499,-0.337263
chr3R:22766000-22766999,-0.337342
chr2RHet:623500-624499,-0.337518
chrX:7292500-7293499,-0.337666
chr3R:24031000-24031999,-0.33778
chr3R:7134500-7135499,-0.337984
chr2L:18171500-18172499,-0.337995
chr2L:20352000-20352999,-0.338154
chrX:4151500-4152499,-0.338229
chrX:5786000-5786999,-0.338363
chr3R:17304000-17304999,-0.338383
chrX:4045000-4045999,-0.338428
chr2R:15796000-15796999,-0.338503
chrX:20760500-20761499,-0.338696
chr3L:22414000-22414999,-0.338789
chr2R:13203500-13204499,-0.338834
chrX:12316000-12316999,-0.338938
chr2L:14175000-14175999,-0.339108
chrX:10912000-10912999,-0.339208
chr3R:25306000-25306999,-0.33933
chr3L:6639000-6639999,-0.339346
chrX:8781500-8782499,-0.339414
chrX:6526500-6527499,-0.339492
chr3R:25098000-25098999,-0.339585
chr3R:12669000-12669999,-0.339687
chr3L:18855000-18855999,-0.339974
chrX:15515000-15515999,-0.340104
chr3R:5026500-5027499,-0.340269
chrX:5556500-5557499,-0.34028
chrX:5948000-5948999,-0.340293
chrX:18468000-18468999,-0.340297
chr2R:11957500-11958499,-0.340544
chr3L:8711000-8711999,-0.34059
chr2L:16064000-16064999,-0.340664
chr2R:7291000-7291999,-0.340768
chr2L:12517500-12518499,-0.340768
chr2L:7593000-7593999,-0.340796
chr2L:8587500-8588499,-0.340935
chr2R:16928500-16929499,-0.340937
chrX:18730500-18731499,-0.340957
chr2L:168000-168999,-0.340957
chr2R:16440500-16441499,-0.341035
chr3L:22077000-22077999,-0.341045
chr3R:10683000-10683999,-0.341148
chr2L:18363500-18364499,-0.341249
chr2R:11438000-11438999,-0.341252
chr3R:27317000-27317999,-0.341258
chr3R:21645000-21645999,-0.341283
chr2R:19330000-19330999,-0.341303
chr2L:8479000-8479999,-0.341452
chr2L:1283000-1283999,-0.341457
chr2R:9474500-9475499,-0.341566
chr2R:16721000-16721999,-0.341714
chr3L:19323500-19324499,-0.341764
chrX:792000-792999,-0.341816
chr3R:15147000-15147999,-0.341937
chr3R:14355000-14355999,-0.342024
chr3R:7905000-7905999,-0.34206
chrX:13990000-13990999,-0.342151
chr3R:24059500-24060499,-0.342275
chr3R:24897500-24898499,-0.342287
chr2R:15430500-15431499,-0.342289
chrX:662500-663499,-0.342299
chr3L:19036000-19036999,-0.342304
chr3R:10056500-10057499,-0.342471
chrX:12708500-12709499,-0.342603
chr3L:4265500-4266499,-0.342649
chr2L:10835500-10836499,-0.342671
chr2R:16303000-16303999,-0.342678
chr2R:10961500-10962499,-0.342755
chr2R:2267000-2267999,-0.3428
chr2R:20945000-20945999,-0.342897
chrX:15140500-15141499,-0.342943
chr2L:7136000-7136999,-0.342951
chr3R:8600000-8600999,-0.343203
chr2R:14868000-14868999,-0.343295
chr3R:15295500-15296499,-0.343299
chr2L:2162500-2163499,-0.343321
chr2R:2712000-2712999,-0.343496
chr3L:10710000-10710999,-0.343936
chr2L:16254000-16254999,-0.344054
chr3R:20266500-20267499,-0.344101
chrUextra:185500-186499,-0.344113
chr3L:22457500-22458499,-0.344143
chr3R:7548500-7549499,-0.344275
chrX:8692000-8692999,-0.344304
chr2R:1779500-1780499,-0.344321
chr3R:23727000-23727999,-0.344322
chr3R:4566500-4567499,-0.344488
chrX:21901500-21902499,-0.344507
chr3L:19177000-19177999,-0.344588
chr3R:18427500-18428499,-0.344707
chr3L:1366500-1367499,-0.344925
chr3R:4959500-4960499,-0.344988
chr3L:18804000-18804999,-0.345097
chr2L:16930500-16931499,-0.345137
chrX:20741500-20742499,-0.34538
chr3R:6948000-6948999,-0.345455
chrX:2934500-2935499,-0.345676
chr2L:11895000-11895999,-0.345733
chr2L:18394000-18394999,-0.345822
chrX:14012000-14012999,-0.345852
chr3L:8548500-8549499,-0.345869
chr3L:1395500-1396499,-0.345926
chr3R:9759000-9759999,-0.345958
chrX:5176500-5177499,-0.345993
chr3R:7698000-7698999,-0.346048
chr2L:17544500-17545499,-0.346074
chrX:16004500-16005499,-0.346082
chrX:3014500-3015499,-0.346114
chr3R:13645000-13645999,-0.346192
chr2L:10604000-10604999,-0.346214
chr3L:10545500-10546499,-0.346332
chrX:3020000-3020999,-0.346468
chr3L:4012000-4012999,-0.346497
chr3L:10936000-10936999,-0.346506
chr3R:10799500-10800499,-0.34668
chr3L:15318500-15319499,-0.346812
chr2R:5875500-5876499,-0.346897
chrX:18146500-18147499,-0.347093
chr3L:10316000-10316999,-0.347154
chr2R:16537500-16538499,-0.347171
chr2R:11276000-11276999,-0.34728
chrX:3816000-3816999,-0.347451
chr3L:1688000-1688999,-0.347521
chrX:18624000-18624999,-0.347572
chr3R:10807000-10807999,-0.347686
chrX:18148500-18149499,-0.347702
chr2L:5674000-5674999,-0.347707
chr3R:13825000-13825999,-0.347936
chrX:4383000-4383999,-0.348095
chr3R:1555000-1555999,-0.348143
chr3R:1039000-1039999,-0.348177
chr2L:4595000-4595999,-0.348251
chr3L:4231500-4232499,-0.348256
chr3L:6295000-6295999,-0.348281
chr3L:10368500-10369499,-0.348359
chr2R:16096000-16096999,-0.348434
chrX:17608000-17608999,-0.348506
chr3L:14124500-14125499,-0.348559
chr3R:2137000-2137999,-0.348654
chr3R:8711500-8712499,-0.348662
chr3L:13273500-13274499,-0.348946
chr2L:9115500-9116499,-0.349103
chrX:10476000-10476999,-0.34912
chrX:3346500-3347499,-0.349147
chr3R:3579500-3580499,-0.349221
chrX:22252000-22252999,-0.349244
chr2R:17314000-17314999,-0.34926
chr2L:2483000-2483999,-0.349356
chrX:8387500-8388499,-0.349423
chr3L:10512500-10513499,-0.349439
chrX:2955000-2955999,-0.34948
chrUextra:25853000-25853999,-0.349511
chrX:12589500-12590499,-0.349527
chr3RHet:1291000-1291999,-0.350097
chr2L:15204500-15205499,-0.350536
chrX:19947500-19948499,-0.350609
chr2L:13125000-13125999,-0.35063
chr3R:6815000-6815999,-0.350647
chr2R:18455000-18455999,-0.350788
chr3R:7351500-7352499,-0.350797
chr2R:17742500-17743499,-0.350798
chr3L:9165500-9166499,-0.350828
chr2L:15129000-15129999,-0.350938
chr2L:3901000-3901999,-0.35099
chr3R:19073000-19073999,-0.351042
chr3L:17559500-17560499,-0.351049
chr2L:395500-396499,-0.35119
chr3R:16892000-16892999,-0.351214
chr3R:8078500-8079499,-0.351244
chr2L:4791500-4792499,-0.351502
chrX:22366500-22367499,-0.351505
chrX:20328500-20329499,-0.351533
chr2L:6842500-6843499,-0.351837
chr2L:3488000-3488999,-0.351957
chrX:4925500-4926499,-0.351996
chr2R:21006000-21006999,-0.352091
chr2R:3657500-3658499,-0.352208
chr3R:24892000-24892999,-0.352258
chrUextra:15125000-15125999,-0.352259
chr3R:21761000-21761999,-0.352346
chr3L:2828000-2828999,-0.352428
chrX:4290000-4290999,-0.352505
chr3R:2817500-2818499,-0.352596
chrX:16127000-16127999,-0.352756
chr3R:1942500-1943499,-0.352837
chr2R:7805000-7805999,-0.352878
chr2L:7104000-7104999,-0.352955
chr2R:18271500-18272499,-0.353056
chr3R:19560000-19560999,-0.353064
chr3R:26663000-26663999,-0.353137
chrX:4828000-4828999,-0.353262
chr3R:24221500-24222499,-0.353583
chr2L:7487000-7487999,-0.353626
chr3L:14378500-14379499,-0.353722
chrX:11399500-11400499,-0.35374
chr3L:4853500-4854499,-0.353909
chr2L:8747000-8747999,-0.35393
chrX:12603000-12603999,-0.353958
chr3L:14382500-14383499,-0.353974
chr3R:26888500-26889499,-0.354098
chrX:20070500-20071499,-0.354175
chr2L:12930000-12930999,-0.354309
chrUextra:24692500-24693499,-0.354317
chr3R:11753500-11754499,-0.354337
chr2L:2477500-2478499,-0.354483
chr2R:10340500-10341499,-0.354486
chr2R:2250500-2251499,-0.354513
chr3L:12018000-12018999,-0.354679
chr2R:20192000-20192999,-0.354971
chr3R:9616000-9616999,-0.355019
chrX:6154000-6154999,-0.355038
chrUextra:8198000-8198999,-0.355186
chrX:7238000-7238999,-0.355346
chr2R:10944000-10944999,-0.355448
chr2R:4066500-4067499,-0.355477
chr3L:14596500-14597499,-0.355554
chrX:1303000-1303999,-0.355565
chrX:7425000-7425999,-0.355582
chr3L:22397500-22398499,-0.355696
chrX:18883500-18884499,-0.355758
chr3R:21350500-21351499,-0.355785
chr2R:12345000-12345999,-0.355837
chrX:6078500-6079499,-0.355888
chr2L:11207000-11207999,-0.356021
chr3L:9033000-9033999,-0.356163
chr2L:2424000-2424999,-0.356212
chr3L:3641000-3641999,-0.356214
chr3R:6368500-6369499,-0.356381
chr2L:3434500-3435499,-0.356431
chr2R:2082000-2082999,-0.356504
chr3L:2740500-2741499,-0.356663
chr3R:6448000-6448999,-0.356665
chrX:5830000-5830999,-0.356733
chrX:16904000-16904999,-0.356755
chr2L:14609000-14609999,-0.356822
chr3L:4522000-4522999,-0.356885
chr3L:11077000-11077999,-0.356962
chr3L:2437000-2437999,-0.357001
chr3R:15560500-15561499,-0.357004
chr3L:5380500-5381499,-0.357024
chr2L:16088000-16088999,-0.357072
chrX:13802000-13802999,-0.35722
chr3R:17960500-17961499,-0.357258
chr3L:13647500-13648499,-0.3574
chr3R:22078000-22078999,-0.357466
chrX:8388000-8388999,-0.35747
chr3R:817000-817999,-0.35755
chr3R:5750500-5751499,-0.357648
chr2R:5225500-5226499,-0.35765
chr3L:13948000-13948999,-0.357702
chrX:20754500-20755499,-0.357741
chr3R:12513500-12514499,-0.357755
chrX:14275500-14276499,-0.357806
chr3R:6455000-6455999,-0.357995
chr3L:8286000-8286999,-0.358026
chr2L:16674000-16674999,-0.358092
chr3L:10770500-10771499,-0.358318
chr3L:12993500-12994499,-0.358367
chr3L:14562500-14563499,-0.358754
chr2L:2624000-2624999,-0.358757
chr2R:20331500-20332499,-0.358782
chr3R:10269500-10270499,-0.358783
chrX:4077000-4077999,-0.358788
chr3R:2752000-2752999,-0.358825
chrX:14627000-14627999,-0.358915
chrX:9075000-9075999,-0.358951
chr2R:11694500-11695499,-0.359074
chr2L:7527500-7528499,-0.359127
chr2L:7130000-7130999,-0.359271
chrX:14605000-14605999,-0.359325
chrX:4400500-4401499,-0.359477
chr3R:17002000-17002999,-0.359483
chrX:21325000-21325999,-0.359573
chrX:12893500-12894499,-0.359579
chrX:12198500-12199499,-0.359613
chrX:8349500-8350499,-0.359839
chr3L:19328000-19328999,-0.359928
chr2R:4448500-4449499,-0.36003
chrX:13172000-13172999,-0.36008
chr2L:1964500-1965499,-0.360239
chr2R:1562500-1563499,-0.360257
chr3L:19350500-19351499,-0.360308
chr2R:14703000-14703999,-0.360317
chrX:22204000-22204999,-0.360336
chr2L:7122000-7122999,-0.360343
chr3R:20597500-20598499,-0.360662
chr2R:13186500-13187499,-0.360679
chr3R:9677500-9678499,-0.360857
chr3R:18229000-18229999,-0.360986
chr3L:2519000-2519999,-0.361049
chr2R:7957500-7958499,-0.361201
chrX:14412500-14413499,-0.361208
chr3L:19223500-19224499,-0.361219
chr2L:4028500-4029499,-0.361342
chrX:3361500-3362499,-0.36155
chr2R:16278000-16278999,-0.361557
chr3L:20680500-20681499,-0.36159
chr3L:9765500-9766499,-0.361611
chr3R:13765000-13765999,-0.361697
chr3R:14333000-14333999,-0.361867
chr2L:12248500-12249499,-0.36194
chrX:3818500-3819499,-0.362017
chr3L:19697000-19697999,-0.362036
chrX:21071000-21071999,-0.36214
chr2L:16572500-16573499,-0.362189
chr2L:4894000-4894999,-0.362208
chr3R:737000-737999,-0.36233
chr2R:3171500-3172499,-0.362358
chr2L:7436500-7437499,-0.362439
chr3L:7252000-7252999,-0.362597
chr2L:18037500-18038499,-0.362649
chr3R:14357500-14358499,-0.362774
chr3R:4850000-4850999,-0.362819
chrX:3732000-3732999,-0.362829
chr3L:23717000-23717999,-0.362838
chrX:11396500-11397499,-0.362917
chr3R:12999500-13000499,-0.362982
chr3L:5074000-5074999,-0.362985
chrX:20476500-20477499,-0.363041
chr3R:19711000-19711999,-0.363078
chr3L:18289000-18289999,-0.36314
chrX:5146500-5147499,-0.363173
chr3L:47000-47999,-0.363382
chr3L:8909500-8910499,-0.363436
chr3R:3303000-3303999,-0.363618
chr2L:17050500-17051499,-0.363722
chr3L:18945000-18945999,-0.363749
chr3L:13603000-13603999,-0.363754
chr3L:3028500-3029499,-0.363825
chrX:2217000-2217999,-0.363852
chrX:7906500-7907499,-0.363853
chr3L:79500-80499,-0.363937
chr2L:16421500-16422499,-0.363952
chr3R:13938000-13938999,-0.364084
chrX:14013000-14013999,-0.364128
chr2L:22985000-22985999,-0.364184
chrX:3580500-3581499,-0.36423
chr3R:4249500-4250499,-0.36425
chr3R:26093000-26093999,-0.364273
chrX:5749000-5749999,-0.364312
chr3R:4567000-4567999,-0.364531
chr2L:2187000-2187999,-0.364569
chr3R:22714000-22714999,-0.364627
chr3R:2439500-2440499,-0.364754
chrX:1726500-1727499,-0.364766
chr3R:25251500-25252499,-0.364789
chrX:19497500-19498499,-0.36506
chr2R:14812000-14812999,-0.365317
chrX:20779500-20780499,-0.365351
chr3L:22786500-22787499,-0.365494
chr3L:18698500-18699499,-0.365541
chr3R:19550000-19550999,-0.365579
chr3RHet:1311000-1311999,-0.365586
chr2L:13112000-13112999,-0.365732
chr2R:6940000-6940999,-0.36577
chr2L:17765000-17765999,-0.365794
chr3L:1931500-1932499,-0.365857
chr3L:15015000-15015999,-0.365857
chr2R:15975500-15976499,-0.365891
chr3R:20456500-20457499,-0.365915
chr2RHet:99500-100499,-0.365973
chr3R:26129000-26129999,-0.365979
chr3L:10541500-10542499,-0.366
chr3R:5722500-5723499,-0.366099
chr3L:5007500-5008499,-0.36618
chr2R:8958500-8959499,-0.366191
chr3L:12315000-12315999,-0.366294
chr2L:9332000-9332999,-0.366343
chr2L:468000-468999,-0.36651
chr2R:10012500-10013499,-0.366576
chr2L:10720000-10720999,-0.366677
chrX:11679500-11680499,-0.366805
chr3RHet:731500-732499,-0.366845
chr2L:15500500-15501499,-0.366904
chr3R:16109500-16110499,-0.366917
chr2L:6609500-6610499,-0.366924
chr2L:1319500-1320499,-0.366945
chr3L:5540500-5541499,-0.366965
chr3L:13178500-13179499,-0.366971
chr2R:16072500-16073499,-0.367041
chrX:18978000-18978999,-0.367054
chr2RHet:2069500-2070499,-0.367139
chr2L:19401500-19402499,-0.367172
chr2R:1574000-1574999,-0.367201
chr3R:26784000-26784999,-0.367223
chrX:18262000-18262999,-0.367282
chrX:2646500-2647499,-0.367391
chrX:4475000-4475999,-0.36741
chr3R:11632500-11633499,-0.367497
chrX:4838000-4838999,-0.367556
chr3L:5073500-5074499,-0.367574
chr3R:11574500-11575499,-0.367652
chr2R:10897000-10897999,-0.367731
chr3L:5462500-5463499,-0.367794
chr3L:12432000-12432999,-0.367881
chr2R:21127000-21127999,-0.367928
chrX:9714500-9715499,-0.367944
chr3R:4521500-4522499,-0.367966
chr2R:18986000-18986999,-0.367969
chr2L:19277500-19278499,-0.368164
chr3R:27509000-27509999,-0.368232
chr2R:6991500-6992499,-0.368356
chr3L:4982000-4982999,-0.368412
chr3R:25345000-25345999,-0.368549
chrX:434000-434999,-0.368561
chr2L:19633500-19634499,-0.368571
chr2R:16047500-16048499,-0.368685
chr3R:1548500-1549499,-0.368802
chr3L:17296500-17297499,-0.369
chr3R:17407500-17408499,-0.369035
chr3R:9548500-9549499,-0.369166
chr2R:7358000-7358999,-0.369229
chr3R:6929000-6929999,-0.369301
chr3R:623500-624499,-0.369311
chr3R:26969500-26970499,-0.36935
chrX:16863500-16864499,-0.369492
chr3R:17979500-17980499,-0.369511
chr2R:4181000-4181999,-0.369582
chr2L:8856000-8856999,-0.369588
chr2R:18398500-18399499,-0.369615
chr3L:11629500-11630499,-0.36971
chr2L:7669500-7670499,-0.369801
chr3L:3844500-3845499,-0.369831
chr3R:3657500-3658499,-0.36986
chr2R:12047000-12047999,-0.369944
chr3L:3423000-3423999,-0.369954
chr2L:3417500-3418499,-0.370048
chr2L:5882000-5882999,-0.370104
chr3R:22513000-22513999,-0.370155
chr2R:14487500-14488499,-0.37016
chrX:17369000-17369999,-0.370349
chrX:7511500-7512499,-0.370495
chr2L:20585500-20586499,-0.370577
chr2L:3488500-3489499,-0.370668
chrX:11100000-11100999,-0.370704
chr2L:14305500-14306499,-0.370706
chrX:3019500-3020499,-0.370792
chr2L:8808500-8809499,-0.37088
chr2R:20745000-20745999,-0.370946
chrX:6952000-6952999,-0.37115
chrX:4406000-4406999,-0.371381
chr2L:976000-976999,-0.371402
chr3L:17693000-17693999,-0.371462
chr3L:21847500-21848499,-0.371505
chr2L:11494000-11494999,-0.371577
chr3R:7356500-7357499,-0.371719
chr2R:19549000-19549999,-0.371814
chr2L:14838500-14839499,-0.371822
chr2L:17901000-17901999,-0.371826
chr3L:3338500-3339499,-0.371927
chr2L:504000-504999,-0.372273
chr2L:13118500-13119499,-0.372288
chr2L:10612500-10613499,-0.372349
chr2R:16497500-16498499,-0.372377
chr3R:4283500-4284499,-0.372392
chrX:2778000-2778999,-0.372458
chr3L:3514000-3514999,-0.372536
chr3L:10835000-10835999,-0.372579
chr3L:16799500-16800499,-0.372772
chr2R:11275500-11276499,-0.373025
chrX:11438500-11439499,-0.373039
chrX:17379000-17379999,-0.373162
chrX:5870500-5871499,-0.373268
chr3L:19188000-19188999,-0.373357
chrX:14702500-14703499,-0.373499
chrX:6351000-6351999,-0.373526
chr2R:2690000-2690999,-0.37356
chr2RHet:3279500-3280499,-0.373748
chrX:5065500-5066499,-0.373818
chr3R:21591000-21591999,-0.373842
chr2L:467500-468499,-0.373871
chr3L:10796500-10797499,-0.373902
chr3R:7904500-7905499,-0.373952
chrX:11646000-11646999,-0.373957
chr2R:4625500-4626499,-0.374032
chr3R:3886000-3886999,-0.374045
chrX:3787000-3787999,-0.374198
chr3R:27470000-27470999,-0.374396
chr3R:7286000-7286999,-0.374424
chr2L:5244500-5245499,-0.374504
chr3R:4793500-4794499,-0.374648
chrX:13525500-13526499,-0.374657
chr3R:17546000-17546999,-0.374729
chr3R:21761500-21762499,-0.374776
chrX:21108000-21108999,-0.374828
chr3R:498500-499499,-0.374888
chr3R:8012500-8013499,-0.374958
chr3R:27701500-27702499,-0.374982
chr3L:22211000-22211999,-0.375308
chr2R:15894000-15894999,-0.375318
chr2R:11441000-11441999,-0.375438
chr2R:21081000-21081999,-0.375439
chrX:455000-455999,-0.375455
chr2R:17462500-17463499,-0.375512
chr2R:9583500-9584499,-0.375541
chrUextra:7009000-7009999,-0.375567
chrX:15134500-15135499,-0.375577
chr3R:9642500-9643499,-0.375593
chr2R:7445500-7446499,-0.375659
chr2L:20883000-20883999,-0.375693
chr3L:14389000-14389999,-0.375722
chrX:8455500-8456499,-0.375786
chr2R:15593500-15594499,-0.376011
chrX:3428500-3429499,-0.376083
chr2L:12518500-12519499,-0.376138
chr2R:16058500-16059499,-0.37616
chr2R:19325000-19325999,-0.376206
chr3R:10505500-10506499,-0.376257
chr3R:24039500-24040499,-0.376283
chr2L:7624000-7624999,-0.376369
chr3L:16762000-16762999,-0.376423
chr2R:2969000-2969999,-0.376596
chr3L:18005000-18005999,-0.376709
chr2R:20929500-20930499,-0.376726
chr3R:7587000-7587999,-0.377045
chr3L:6604500-6605499,-0.377104
chrX:1032000-1032999,-0.377212
chrX:1666000-1666999,-0.377248
chr2L:8098500-8099499,-0.377336
chrX:6355500-6356499,-0.377457
chr2R:20730500-20731499,-0.377524
chr2R:17150000-17150999,-0.377552
chr2L:11364000-11364999,-0.377564
chr3R:4678500-4679499,-0.377623
chr3R:14461000-14461999,-0.377664
chr3R:22021000-22021999,-0.377814
chr3R:25403000-25403999,-0.378177
chr2R:15403500-15404499,-0.378216
chrX:7519000-7519999,-0.378454
chr3L:13286500-13287499,-0.378463
chrX:21239500-21240499,-0.378486
chrX:5944500-5945499,-0.378716
chr2R:7665500-7666499,-0.378783
chr3L:21865500-21866499,-0.378831
chr3L:20031500-20032499,-0.378869
chr2R:16407000-16407999,-0.378938
chr3L:17953000-17953999,-0.37898
chr3R:2697000-2697999,-0.37902
chrX:3576000-3576999,-0.379134
chr2R:7319500-7320499,-0.379165
chr2R:15086500-15087499,-0.379222
chr2L:1767000-1767999,-0.379262
chr3L:15350500-15351499,-0.379294
chr2L:21862000-21862999,-0.379303
chr3L:10771000-10771999,-0.379306
chr3R:27357500-27358499,-0.379331
chrX:2460000-2460999,-0.379343
chr3R:25258500-25259499,-0.379363
chrX:7860000-7860999,-0.379522
chr3L:10894500-10895499,-0.379531
chr3R:5114500-5115499,-0.379582
chr3L:15782500-15783499,-0.379681
chr2L:14220000-14220999,-0.37973
chr3L:2705500-2706499,-0.379804
chr3L:5191500-5192499,-0.379912
chrX:5151000-5151999,-0.379936
chrX:7106000-7106999,-0.380054
chr2L:5761500-5762499,-0.380132
chrX:6231500-6232499,-0.380208
chr2R:14604000-14604999,-0.380358
chr3L:14123000-14123999,-0.38039
chr2L:8553500-8554499,-0.380444
chr2L:8574500-8575499,-0.380588
chr2R:19549500-19550499,-0.380651
chr3L:17437500-17438499,-0.380718
chrX:14377000-14377999,-0.380739
chrX:19257500-19258499,-0.380802
chr2L:19629500-19630499,-0.380808
chr3L:13708000-13708999,-0.380835
chr2L:493500-494499,-0.380896
chr3R:19729500-19730499,-0.380923
chr2R:3316500-3317499,-0.380973
chr2L:16217000-16217999,-0.381081
chr2R:15463000-15463999,-0.381141
chrX:19262500-19263499,-0.38115
chr3R:2771500-2772499,-0.381253
chr2L:14143000-14143999,-0.381259
chr2L:13756500-13757499,-0.381289
chr2L:14832000-14832999,-0.381424
chr2R:16572000-16572999,-0.381465
chr3L:6652000-6652999,-0.381655
chr3L:14301000-14301999,-0.381883
chr3R:23260500-23261499,-0.381904
chr3R:7351000-7351999,-0.382013
chr3R:25164500-25165499,-0.382079
chrUextra:356500-357499,-0.382117
chr3L:19655000-19655999,-0.382173
chr3R:12035000-12035999,-0.382174
chr2L:3995000-3995999,-0.382264
chr3LHet:250000-250999,-0.382379
chr3R:22377500-22378499,-0.382458
chr3L:3433500-3434499,-0.382496
chrX:14914000-14914999,-0.382688
chr3R:21986500-21987499,-0.382726
chr2R:13096500-13097499,-0.382792
chr3L:8841000-8841999,-0.38293
chr2L:13805000-13805999,-0.382992
chr2R:17452000-17452999,-0.383027
chr2R:19195000-19195999,-0.383169
chr3R:1777000-1777999,-0.38329
chr2L:17681500-17682499,-0.383431
chr3R:9677000-9677999,-0.383674
chrX:3575500-3576499,-0.383704
chr3L:10859500-10860499,-0.383707
chrX:9241000-9241999,-0.383914
chr3L:776000-776999,-0.383952
chr3L:22032500-22033499,-0.384018
chr2R:7834500-7835499,-0.384047
chr3R:21381000-21381999,-0.384051
chr3R:26784500-26785499,-0.384058
chr3R:15155000-15155999,-0.384138
chrX:4336000-4336999,-0.384246
chr3R:13644000-13644999,-0.384269
chr3L:19383500-19384499,-0.384293
chr2L:18036500-18037499,-0.384306
chr2L:11926500-11927499,-0.384306
chrX:15487000-15487999,-0.384423
chr3R:12056500-12057499,-0.384606
chrX:8285000-8285999,-0.384718
chrX:3910000-3910999,-0.384786
chr3L:9209000-9209999,-0.384839
chr2R:15507000-15507999,-0.384931
chrX:2988000-2988999,-0.384989
chr2L:18375500-18376499,-0.385051
chr2L:18071500-18072499,-0.385074
chr2L:11301000-11301999,-0.385198
chr3L:3384000-3384999,-0.38522
chr3R:9999500-10000499,-0.385253
chr3R:26018000-26018999,-0.385272
chr2L:7587000-7587999,-0.385375
chr2R:12408500-12409499,-0.38541
chrX:13744000-13744999,-0.385475
chrX:8518000-8518999,-0.385564
chr2R:13784000-13784999,-0.385567
chr3R:18131500-18132499,-0.385602
chr2R:17145500-17146499,-0.385634
chrX:18349500-18350499,-0.38572
chr3R:26390000-26390999,-0.38572
chr3L:13665500-13666499,-0.385767
chr2R:4084000-4084999,-0.385849
chr2R:6557500-6558499,-0.385875
chr2L:19927000-19927999,-0.385918
chrX:21102000-21102999,-0.385933
chr3L:13651500-13652499,-0.385954
chr2L:18367500-18368499,-0.38596
chr3R:24073000-24073999,-0.385999
chr2R:5564500-5565499,-0.386012
chr3R:27340000-27340999,-0.386139
chr3R:12782000-12782999,-0.386446
chr2R:15901000-15901999,-0.386456
chr3L:4998500-4999499,-0.386476
chr3L:21043500-21044499,-0.386524
chr2L:12855000-12855999,-0.386656
chrX:5502500-5503499,-0.386693
chrX:14472500-14473499,-0.386852
chr3L:17003500-17004499,-0.386909
chr3L:1181500-1182499,-0.387003
chr3R:8158000-8158999,-0.387197
chr3R:6248000-6248999,-0.387256
chrX:12855000-12855999,-0.387292
chr3L:16757000-16757999,-0.387372
chr3R:8649000-8649999,-0.387404
chr2R:16371500-16372499,-0.387465
chr2L:2939500-2940499,-0.387543
chr2R:6051500-6052499,-0.387553
chr2L:1264500-1265499,-0.387556
chr3R:1962500-1963499,-0.387781
chr2L:7140500-7141499,-0.387947
chr2L:441000-441999,-0.387959
chr3R:9688500-9689499,-0.38796
chr2R:16372000-16372999,-0.388007
chr3R:5742500-5743499,-0.388073
chr2R:13115000-13115999,-0.388092
chr3L:545000-545999,-0.388167
chrX:7135500-7136499,-0.388342
chr2L:1376000-1376999,-0.388357
chr2L:3610500-3611499,-0.388376
chr3L:5614500-5615499,-0.388434
chr2L:2423000-2423999,-0.388523
chrX:7467000-7467999,-0.388549
chr3L:11381500-11382499,-0.388558
chr2L:1700500-1701499,-0.388566
chr2L:19137000-19137999,-0.388669
chr2R:13165500-13166499,-0.388749
chr2L:19212500-19213499,-0.38881
chrX:809000-809999,-0.388814
chr2R:7654500-7655499,-0.389092
chr3R:2440000-2440999,-0.389116
chr3R:19738500-19739499,-0.389202
chr2L:20233500-20234499,-0.389217
chrUextra:26202000-26202999,-0.389327
chr3L:17290500-17291499,-0.389343
chr2L:19790000-19790999,-0.389583
chr2L:10605000-10605999,-0.389697
chrX:8312500-8313499,-0.389962
chr2L:17670500-17671499,-0.389987
chr3L:3418000-3418999,-0.390087
chr2R:3112500-3113499,-0.390282
chrX:13852000-13852999,-0.390628
chr3L:22477500-22478499,-0.390672
chr3R:23179000-23179999,-0.390692
chr3R:3084500-3085499,-0.390717
chrX:17056500-17057499,-0.390857
chr3R:18829500-18830499,-0.390871
chrX:13102500-13103499,-0.390988
chrX:20419000-20419999,-0.391052
chr2R:10549000-10549999,-0.391127
chr2L:1470500-1471499,-0.391172
chrX:12405000-12405999,-0.391297
chr3L:16746500-16747499,-0.391335
chr3L:21390500-21391499,-0.391416
chrX:4921500-4922499,-0.391441
chr3L:9119000-9119999,-0.391492
chr2R:13770500-13771499,-0.391523
chrUextra:9111000-9111999,-0.39161
chr2L:1282500-1283499,-0.391641
chr2L:20844000-20844999,-0.39171
chr2R:18255000-18255999,-0.39176
chr3R:5784500-5785499,-0.391777
chr3R:6302000-6302999,-0.391877
chr2L:4023500-4024499,-0.39188
chr2R:9581500-9582499,-0.391917
chrX:15083000-15083999,-0.391975
chrX:8151500-8152499,-0.392048
chrX:11442000-11442999,-0.392099
chr2R:10109500-10110499,-0.392148
chr2R:17415500-17416499,-0.392181
chr2R:20716000-20716999,-0.392226
chr3R:22442000-22442999,-0.392238
chrX:5170500-5171499,-0.392317
chrX:7129000-7129999,-0.392365
chr2R:19064500-19065499,-0.392378
chr2L:19884500-19885499,-0.392483
chr2R:2962000-2962999,-0.392513
chr3R:4879500-4880499,-0.39256
chr3R:14605500-14606499,-0.392671
chr3R:20398500-20399499,-0.392676
chr3R:16137500-16138499,-0.392866
chr2L:9228500-9229499,-0.392883
chr2L:11149500-11150499,-0.392884
chrX:6883000-6883999,-0.393002
chr2R:13551500-13552499,-0.393033
chr3L:10969000-10969999,-0.393084
chr2R:15540000-15540999,-0.393115
chrX:5865500-5866499,-0.393174
chr2L:12904500-12905499,-0.39321
chrX:6011000-6011999,-0.39324
chrX:5459000-5459999,-0.393256
chr2R:19469500-19470499,-0.393262
chr2L:4550000-4550999,-0.393373
chr3L:5795000-5795999,-0.393517
chr3L:5931500-5932499,-0.393726
chr2L:7664500-7665499,-0.393856
chr3L:2438000-2438999,-0.39386
chrX:22137000-22137999,-0.394023
chr2L:3823000-3823999,-0.394175
chr2R:16740000-16740999,-0.394293
chr2L:21372000-21372999,-0.394321
chrX:12594000-12594999,-0.394382
chr2R:16383000-16383999,-0.394516
chr3R:21652000-21652999,-0.394538
chr3L:17129500-17130499,-0.394576
chr3L:14355000-14355999,-0.394578
chr3R:1116500-1117499,-0.394668
chr2L:14931000-14931999,-0.394825
chr2L:15715500-15716499,-0.394834
chr3R:9715500-9716499,-0.394845
chr2R:3157500-3158499,-0.394864
chr3L:109000-109999,-0.39492
chr3R:2813000-2813999,-0.394953
chr3R:10521000-10521999,-0.394985
chr3R:2800500-2801499,-0.394992
chr3L:20915500-20916499,-0.395058
chr2R:17239000-17239999,-0.395075
chr2R:16081500-16082499,-0.39525
chr2L:20588500-20589499,-0.395337
chrX:1234500-1235499,-0.395363
chrX:18843500-18844499,-0.395382
chrX:13173000-13173999,-0.395443
chr2L:3941000-3941999,-0.395459
chr3L:20619000-20619999,-0.395685
chr2L:13081000-13081999,-0.39571
chrX:206500-207499,-0.395732
chr2L:5260000-5260999,-0.395772
chrX:13824500-13825499,-0.395868
chr3R:23591500-23592499,-0.395893
chrX:848500-849499,-0.395959
chr3R:3754500-3755499,-0.395973
chr3R:2873500-2874499,-0.396119
chr2L:1202500-1203499,-0.396288
chr3R:27490000-27490999,-0.396476
chr3R:27786500-27787499,-0.396494
chr3L:22482000-22482999,-0.396508
chr3L:12791500-12792499,-0.396573
chrX:1682500-1683499,-0.396611
chr3R:26045500-26046499,-0.396806
chrX:569000-569999,-0.396871
chrX:4645500-4646499,-0.396902
chr3R:19474500-19475499,-0.397178
chr3L:10450000-10450999,-0.397221
chrX:3819000-3819999,-0.397309
chr3L:4445500-4446499,-0.397409
chrX:2192500-2193499,-0.397517
chr2L:18808000-18808999,-0.397537
chr2L:17279000-17279999,-0.397694
chr2R:11164000-11164999,-0.397932
chr3R:25201000-25201999,-0.397936
chr2L:3936000-3936999,-0.397979
chr2R:8343000-8343999,-0.397995
chr3R:24456000-24456999,-0.398033
chr3L:19066500-19067499,-0.398151
chrX:2573000-2573999,-0.398314
chr3R:12778500-12779499,-0.398366
chrX:6060000-6060999,-0.398409
chr2L:12157500-12158499,-0.398422
chr3R:23974000-23974999,-0.398449
chrX:14306500-14307499,-0.398671
chr2L:3988500-3989499,-0.398687
chr3R:11568500-11569499,-0.398706
chr3R:9782000-9782999,-0.398764
chr3L:22207500-22208499,-0.398866
chrX:16529000-16529999,-0.398934
chrX:7325000-7325999,-0.398956
chr3R:27393500-27394499,-0.398965
chr3R:6861500-6862499,-0.399098
chr2R:562000-562999,-0.399126
chr3R:2545000-2545999,-0.399161
chr3R:19134500-19135499,-0.399193
chrX:9999500-10000499,-0.399328
chrX:10879000-10879999,-0.39934
chr2L:18980500-18981499,-0.399402
chr2L:1509000-1509999,-0.399443
chrUextra:22321000-22321999,-0.399461
chrX:6300000-6300999,-0.399605
chr2RHet:2585000-2585999,-0.399625
chr3L:5720000-5720999,-0.399663
chr3L:3549000-3549999,-0.399737
chr3L:5609000-5609999,-0.399759
chr3L:46500-47499,-0.399817
chrX:5175000-5175999,-0.399843
chr3L:20925000-20925999,-0.399855
chr3R:20007500-20008499,-0.400092
chr2L:12659000-12659999,-0.400093
chr2L:12778000-12778999,-0.400147
chr3R:2499000-2499999,-0.400162
chrX:16149500-16150499,-0.400186
chr2L:502500-503499,-0.400535
chr2L:16273000-16273999,-0.400553
chr3R:23548000-23548999,-0.400631
chr3L:8741000-8741999,-0.400678
chr3L:2422000-2422999,-0.400852
chrX:9668500-9669499,-0.401029
chrX:5490500-5491499,-0.401037
chr3R:8052500-8053499,-0.401114
chr3R:9025500-9026499,-0.401165
chr3R:11386000-11386999,-0.401311
chr3R:5852000-5852999,-0.401394
chr3L:9119500-9120499,-0.40141
chr2L:19944000-19944999,-0.401475
chr3R:22578000-22578999,-0.401617
chr3R:24479500-24480499,-0.401637
chr3L:20041000-20041999,-0.40165
chr2R:16343500-16344499,-0.401683
chr3L:6491500-6492499,-0.401741
chrX:9984000-9984999,-0.40176
chr3L:21115000-21115999,-0.401905
chr3RHet:987500-988499,-0.401923
chr2R:6826000-6826999,-0.401929
chr3L:3550500-3551499,-0.401984
chr3R:5785500-5786499,-0.402086
chr2R:9853000-9853999,-0.402104
chr2L:3948000-3948999,-0.402135
chr3L:8873000-8873999,-0.40215
chrUextra:14058000-14058999,-0.402169
chr3R:22501000-22501999,-0.402199
chrX:899500-900499,-0.402327
chrX:14112000-14112999,-0.402368
chr2L:7436000-7436999,-0.402421
chr3R:21998000-21998999,-0.402489
chr3L:18029500-18030499,-0.40255
chr2R:17323000-17323999,-0.402557
chrX:8727500-8728499,-0.402742
chr3L:12428500-12429499,-0.402762
chr3L:16638000-16638999,-0.402871
chr2R:3771500-3772499,-0.403074
chr3R:15160500-15161499,-0.403207
chr3R:5862000-5862999,-0.40329
chr3R:9867000-9867999,-0.40336
chr2R:998000-998999,-0.403367
chr2L:11558500-11559499,-0.40337
chr3R:24068500-24069499,-0.403374
chrX:11183000-11183999,-0.40341
chr3R:9612000-9612999,-0.403451
chr2L:16486500-16487499,-0.403562
chrX:3633500-3634499,-0.403592
chr3R:22760500-22761499,-0.403654
chr3L:21688000-21688999,-0.403705
chr2L:21584500-21585499,-0.403742
chr2L:6927000-6927999,-0.403762
chr3R:26142500-26143499,-0.403772
chr2L:14410000-14410999,-0.403898
chr3R:19265500-19266499,-0.404009
chr3L:16251000-16251999,-0.404021
chr2R:3191500-3192499,-0.404041
chr3R:8650000-8650999,-0.404197
chr2L:15983500-15984499,-0.404232
chr2R:15996500-15997499,-0.404297
chr2L:11241000-11241999,-0.404378
chr3R:24197000-24197999,-0.404396
chr2R:10932000-10932999,-0.404424
chr2L:959500-960499,-0.404436
chr3R:26547500-26548499,-0.404455
chr2R:17744000-17744999,-0.4045
chr3R:20267000-20267999,-0.404578
chr2L:1275500-1276499,-0.404588
chr2R:6083500-6084499,-0.404675
chr3L:15794000-15794999,-0.404836
chr3L:13710000-13710999,-0.404844
chr2L:7488500-7489499,-0.404905
chr3R:25916500-25917499,-0.404934
chr2L:2314500-2315499,-0.405028
chrX:12902500-12903499,-0.405067
chr2R:18627000-18627999,-0.405098
chr2L:2120500-2121499,-0.405137
chr3L:10993000-10993999,-0.405221
chr3R:15959500-15960499,-0.405242
chrX:9667000-9667999,-0.40539
chr2R:17146000-17146999,-0.405511
chr3R:9374000-9374999,-0.405688
chr3L:18030000-18030999,-0.405834
chr2R:17379500-17380499,-0.406022
chr3R:27506500-27507499,-0.406038
chr3R:23958000-23958999,-0.406143
chr3R:10911000-10911999,-0.406145
chrX:5254500-5255499,-0.406193
chr3L:20916000-20916999,-0.406198
chr3L:2336000-2336999,-0.406335
chr2L:14202500-14203499,-0.406398
chr2L:17874000-17874999,-0.406431
chrX:22082500-22083499,-0.406451
chr2L:7882000-7882999,-0.40649
chr2R:16074000-16074999,-0.406681
chr3L:22374000-22374999,-0.406721
chr3L:15757500-15758499,-0.406822
chr3L:5260500-5261499,-0.40693
chr3L:10473500-10474499,-0.406952
chr3L:22402500-22403499,-0.407046
chr3R:21844000-21844999,-0.407057
chr3R:22617500-22618499,-0.407086
chr3R:6741500-6742499,-0.407142
chr3L:1838000-1838999,-0.407231
chrX:12589000-12589999,-0.407284
chr3L:509500-510499,-0.407296
chrX:10451500-10452499,-0.407415
chr2R:18668500-18669499,-0.407499
chr2R:13516500-13517499,-0.407562
chrX:18950500-18951499,-0.407565
chr3R:25175000-25175999,-0.407806
chr3L:15909000-15909999,-0.407852
chr3R:2547000-2547999,-0.407988
chrX:4120000-4120999,-0.408007
chr3R:17972500-17973499,-0.408064
chr2R:3189500-3190499,-0.408121
chr3R:18913500-18914499,-0.408139
chr3R:9781000-9781999,-0.408189
chr2R:19613500-19614499,-0.408255
chr2L:8165000-8165999,-0.408295
chr3L:5254000-5254999,-0.408385
chrX:599500-600499,-0.408556
chr3R:19634500-19635499,-0.408588
chr2R:21145500-21146499,-0.40873
chr3L:7259000-7259999,-0.408749
chr3L:12300000-12300999,-0.408929
chr3R:23967000-23967999,-0.408963
chr3L:15507500-15508499,-0.409119
chr3L:7258500-7259499,-0.409186
chr2R:13241500-13242499,-0.409281
chr3L:22185000-22185999,-0.409373
chrX:3167500-3168499,-0.409447
chr3L:1103500-1104499,-0.409502
chr2R:16488000-16488999,-0.409527
chr3L:13596000-13596999,-0.409648
chr3R:17757500-17758499,-0.409688
chr2L:2539000-2539999,-0.409738
chr3L:11242500-11243499,-0.409759
chrX:7233000-7233999,-0.409762
chr3R:9410500-9411499,-0.40977
chr2L:7539500-7540499,-0.409869
chr2L:19679000-19679999,-0.409911
chr3R:18913000-18913999,-0.409919
chr3R:26046000-26046999,-0.409936
chr2L:8821000-8821999,-0.410005
chrX:6790000-6790999,-0.410034
chr2L:22834000-22834999,-0.41008
chr3R:22379000-22379999,-0.410152
chr3R:2751500-2752499,-0.410182
chr3L:22207000-22207999,-0.410256
chr2R:14139000-14139999,-0.410541
chr2L:1625500-1626499,-0.410653
chr2L:17303000-17303999,-0.410686
chrX:3802500-3803499,-0.410713
chr3R:11354500-11355499,-0.410847
chr2L:10829000-10829999,-0.410892
chr2L:11724000-11724999,-0.410929
chr3L:22658500-22659499,-0.410955
chr3LHet:1317000-1317999,-0.411141
chr3L:14710500-14711499,-0.4112
chr2L:6991000-6991999,-0.411211
chrX:8930000-8930999,-0.411283
chr2R:6813000-6813999,-0.411301
chr3L:2965500-2966499,-0.411404
chr2L:1513000-1513999,-0.411406
chr3L:16467000-16467999,-0.411434
chr2L:2822500-2823499,-0.411479
chr3L:22099000-22099999,-0.411533
chr3R:7031500-7032499,-0.411556
chrX:22141500-22142499,-0.411697
chr3R:22111500-22112499,-0.411753
chr2R:16624000-16624999,-0.411773
chr3L:16818500-16819499,-0.411891
chr2R:8673000-8673999,-0.411913
chr2L:14488000-14488999,-0.411921
chrX:16640500-16641499,-0.411937
chr3R:486500-487499,-0.412095
chrX:4827500-4828499,-0.412101
chr2R:15182000-15182999,-0.412279
chrX:20210000-20210999,-0.412285
chr2R:16936000-16936999,-0.41233
chr3R:7220500-7221499,-0.412447
chrX:17347500-17348499,-0.412463
chrX:14381000-14381999,-0.412503
chr3R:14355500-14356499,-0.412669
chr2L:12575000-12575999,-0.412689
chr2R:17528500-17529499,-0.412708
chr3R:20090500-20091499,-0.412857
chr2L:16689000-16689999,-0.41286
chr3R:19840500-19841499,-0.412905
chr2L:6504000-6504999,-0.412966
chrX:4710500-4711499,-0.41308
chr3R:7152500-7153499,-0.413201
chr3R:17770500-17771499,-0.413297
chrX:2293000-2293999,-0.413345
chrX:7465000-7465999,-0.413368
chr3R:13448500-13449499,-0.413391
chr2L:3194000-3194999,-0.413403
chr3R:9361000-9361999,-0.413625
chrX:3657000-3657999,-0.413637
chr3L:22603000-22603999,-0.413677
chr2R:16560500-16561499,-0.413683
chr2L:2316000-2316999,-0.413733
chr3R:14879500-14880499,-0.413777
chr2L:19213500-19214499,-0.41385
chr2L:2734500-2735499,-0.413861
chr3R:21784000-21784999,-0.413936
chr2R:14213000-14213999,-0.413982
chr2L:15342500-15343499,-0.414039
chr3R:21590500-21591499,-0.414091
chr2L:702500-703499,-0.414116
chr3L:2584500-2585499,-0.414192
chrX:17063500-17064499,-0.414202
chr3R:13938500-13939499,-0.414279
chr2R:18034500-18035499,-0.414342
chrX:3450500-3451499,-0.414379
chrX:6079000-6079999,-0.414395
chr2L:18027500-18028499,-0.414559
chr2L:20804000-20804999,-0.414676
chr2R:17361500-17362499,-0.41471
chr3L:12548500-12549499,-0.414731
chr2L:3996000-3996999,-0.414879
chr2L:1405000-1405999,-0.414933
chr3L:18356000-18356999,-0.41494
chr2L:4374000-4374999,-0.415128
chr2R:7895500-7896499,-0.415202
chr2R:14970000-14970999,-0.415237
chrX:21248500-21249499,-0.415246
chr3L:12045500-12046499,-0.415252
chr2R:20731000-20731999,-0.415316
chr3R:18111500-18112499,-0.415367
chr2L:14149500-14150499,-0.415436
chrX:12139000-12139999,-0.415513
chr3R:27469500-27470499,-0.415514
chr2R:16850000-16850999,-0.415528
chr2L:15056000-15056999,-0.415552
chr2L:13573000-13573999,-0.415692
chr3R:17370000-17370999,-0.415943
chr3L:952000-952999,-0.416033
chr3R:5054500-5055499,-0.416078
chr3R:26168000-26168999,-0.416104
chr3R:27347000-27347999,-0.416116
chr3L:15736000-15736999,-0.416121
chr3L:13228000-13228999,-0.416185
chr3L:10743000-10743999,-0.416188
chrX:900000-900999,-0.416195
chr2L:7291000-7291999,-0.416225
chr3R:8153500-8154499,-0.416264
chr2L:314000-314999,-0.416324
chrX:14256000-14256999,-0.4164
chrX:12561000-12561999,-0.416416
chr3L:6637000-6637999,-0.416475
chrX:2881000-2881999,-0.416525
chrX:17323500-17324499,-0.416544
chr3R:18993500-18994499,-0.416581
chrX:16030500-16031499,-0.416584
chr3R:9862500-9863499,-0.41664
chrX:6052000-6052999,-0.416759
chr3L:7852000-7852999,-0.416791
chr3L:3981000-3981999,-0.416827
chr3L:6135500-6136499,-0.41684
chrX:9714000-9714999,-0.416842
chr3R:20256000-20256999,-0.416844
chr3L:559500-560499,-0.416875
chr3L:17272500-17273499,-0.416917
chr2L:16168000-16168999,-0.416961
chr2L:17415500-17416499,-0.417028
chr3L:22047500-22048499,-0.417033
chr3L:17663500-17664499,-0.417033
chrX:12435500-12436499,-0.417056
chr3R:9550500-9551499,-0.417112
chr3R:27313000-27313999,-0.417149
chrX:13481000-13481999,-0.41723
chr3R:4933500-4934499,-0.417256
chr2L:7122500-7123499,-0.417292
chr3L:15192000-15192999,-0.417327
chr2L:12755000-12755999,-0.417361
chrX:17413500-17414499,-0.417385
chr3L:2457000-2457999,-0.417448
chr3R:11800000-11800999,-0.417467
chrX:4237500-4238499,-0.417593
chr3L:6375000-6375999,-0.417593
chr3R:19216500-19217499,-0.417633
chr3R:20775500-20776499,-0.417643
chr2L:12909000-12909999,-0.417663
chr2L:12283500-12284499,-0.417672
chr3R:7746000-7746999,-0.417688
chr2R:15581500-15582499,-0.417689
chrX:13743500-13744499,-0.417702
chrX:7050000-7050999,-0.417728
chr3L:2802500-2803499,-0.417745
chr2R:15465500-15466499,-0.417812
chrX:14255500-14256499,-0.417855
chr3L:1632500-1633499,-0.417876
chr3L:12721500-12722499,-0.417996
chr2L:14580500-14581499,-0.418083
chrU:5404500-5405499,-0.418149
chrX:10324000-10324999,-0.418168
chrX:18090000-18090999,-0.418265
chrX:4187000-4187999,-0.418277
chr3L:3770000-3770999,-0.418304
chr2L:3829000-3829999,-0.418305
chr2R:18323500-18324499,-0.418468
chrX:9279500-9280499,-0.418594
chr3R:2373000-2373999,-0.418613
chrX:19328500-19329499,-0.418614
chr2R:14243000-14243999,-0.418643
chr3R:7870500-7871499,-0.418697
chr2L:9990000-9990999,-0.418756
chr2L:1761500-1762499,-0.418786
chr3L:9097500-9098499,-0.418995
chrX:4200000-4200999,-0.419001
chr2R:19180000-19180999,-0.419104
chrX:9962000-9962999,-0.419289
chr2L:7485000-7485999,-0.419322
chr2R:4534500-4535499,-0.419394
chr2R:18426500-18427499,-0.419464
chrX:8751500-8752499,-0.41953
chr3L:19356000-19356999,-0.419542
chr3L:3755500-3756499,-0.419584
chr3L:20640000-20640999,-0.419635
chr2R:3507500-3508499,-0.419653
chr3L:5196000-5196999,-0.419661
chrX:5478500-5479499,-0.419741
chrX:7986500-7987499,-0.419753
chr3R:17654500-17655499,-0.41979
chr3R:26573000-26573999,-0.419799
chr3R:27193500-27194499,-0.419879
chr3R:14715500-14716499,-0.419935
chr3L:15629500-15630499,-0.419983
chr2R:15478500-15479499,-0.420012
chrUextra:24160500-24161499,-0.420018
chr2R:8850000-8850999,-0.420096
chrX:17256000-17256999,-0.420109
chr3R:20031000-20031999,-0.420125
chrX:3166000-3166999,-0.420195
chr2R:11018000-11018999,-0.420405
chr2L:16460500-16461499,-0.420523
chr3R:12386500-12387499,-0.420556
chr2L:12260500-12261499,-0.420565
chrX:8510000-8510999,-0.420591
chrUextra:26025000-26025999,-0.420608
chr2R:14471000-14471999,-0.420652
chrX:8214500-8215499,-0.420685
chr3L:11363000-11363999,-0.420707
chrUextra:17501000-17501999,-0.420713
chrX:16528500-16529499,-0.420746
chr2L:9146000-9146999,-0.42078
chr3L:18540000-18540999,-0.42079
chr3R:7657000-7657999,-0.420871
chr3L:6837000-6837999,-0.420879
chrX:2442500-2443499,-0.420915
chrX:8114000-8114999,-0.420927
chr3L:5280500-5281499,-0.421019
chrUextra:3877000-3877999,-0.421151
chr3L:6050500-6051499,-0.421156
chr3L:411500-412499,-0.421193
chrX:13238000-13238999,-0.421444
chrX:7727000-7727999,-0.421518
chrU:594000-594999,-0.421574
chr3L:16830500-16831499,-0.421625
chr3R:5528500-5529499,-0.42171
chr3L:22912000-22912999,-0.421774
chr3L:24283500-24284499,-0.421888
chr2L:11691000-11691999,-0.421921
chr2R:13115500-13116499,-0.421926
chr3R:17437500-17438499,-0.421927
chr2L:11174000-11174999,-0.421964
chr2R:2742000-2742999,-0.421973
chrX:7452000-7452999,-0.422003
chr2R:9807500-9808499,-0.422388
chrX:4862500-4863499,-0.422395
chr3L:20566000-20566999,-0.422502
chr2R:12295500-12296499,-0.422571
chr3R:25152500-25153499,-0.422641
chr2R:2791000-2791999,-0.422782
chrX:6526000-6526999,-0.422919
chrX:8736500-8737499,-0.422978
chrX:18728000-18728999,-0.422987
chr2R:11687000-11687999,-0.423078
chrX:10213500-10214499,-0.423153
chrX:7574500-7575499,-0.423273
chr2L:12891500-12892499,-0.423286
chr2L:10067000-10067999,-0.423583
chr3R:20090000-20090999,-0.423591
chr3R:6384500-6385499,-0.423594
chrX:5871000-5871999,-0.423608
chr2R:11727500-11728499,-0.423746
chrX:10717500-10718499,-0.423795
chr3L:22148500-22149499,-0.423889
chr2L:1552500-1553499,-0.42389
chr3L:130500-131499,-0.423976
chr3L:21844500-21845499,-0.423977
chr3L:10843000-10843999,-0.424015
chrX:16934000-16934999,-0.424102
chr3L:8363000-8363999,-0.42416
chr2R:16855500-16856499,-0.424216
chr2R:15680000-15680999,-0.424347
chr2R:15979500-15980499,-0.424385
chr2L:18589000-18589999,-0.424561
chr3L:19933000-19933999,-0.424573
chrX:18371000-18371999,-0.424634
chr3L:16505000-16505999,-0.424659
chr2L:3988000-3988999,-0.424712
chr3L:12463000-12463999,-0.424717
chr2R:1209000-1209999,-0.424768
chr3R:24073500-24074499,-0.4249
chr2L:6509000-6509999,-0.424906
chr3L:16762500-16763499,-0.424994
chr2R:12527000-12527999,-0.425029
chr3L:22591000-22591999,-0.425046
chrX:17077000-17077999,-0.42505
chrX:7129500-7130499,-0.425347
chrX:22345000-22345999,-0.425358
chr2R:15881000-15881999,-0.425573
chr2R:17793500-17794499,-0.425582
chr3R:7292000-7292999,-0.425662
chr3L:2280000-2280999,-0.425673
chr2L:17376000-17376999,-0.42593
chr2R:16115000-16115999,-0.425964
chr3R:2025500-2026499,-0.426033
chr2L:22033000-22033999,-0.426066
chr2L:20147500-20148499,-0.42611
chr3L:13749500-13750499,-0.426134
chr3R:19924000-19924999,-0.426138
chr2R:13875500-13876499,-0.426146
chr2R:11961000-11961999,-0.426161
chrX:12292500-12293499,-0.426168
chrUextra:3672500-3673499,-0.426209
chr2R:6482500-6483499,-0.426215
chr3R:11335500-11336499,-0.426323
chr3L:19170500-19171499,-0.426578
chrX:4635500-4636499,-0.426739
chr3R:26463500-26464499,-0.426837
chr3R:9819000-9819999,-0.426855
chrX:12366500-12367499,-0.426934
chrX:4480500-4481499,-0.426937
chr3L:5214000-5214999,-0.426939
chr3L:6975500-6976499,-0.426986
chrX:15257500-15258499,-0.427021
chr2R:10679000-10679999,-0.427047
chr3R:15338500-15339499,-0.427236
chr3R:11302500-11303499,-0.427291
chr2R:20903500-20904499,-0.427355
chr3L:10706000-10706999,-0.427481
chr2L:764500-765499,-0.427505
chr3L:11429000-11429999,-0.427519
chr2L:14398500-14399499,-0.427592
chr3L:17922000-17922999,-0.427638
chrX:21917500-21918499,-0.427653
chr3L:6872500-6873499,-0.427688
chr3R:26833000-26833999,-0.427716
chrX:21452500-21453499,-0.427725
chr2R:7065000-7065999,-0.427735
chr3R:2874000-2874999,-0.427838
chr2L:15810000-15810999,-0.427853
chrX:11681500-11682499,-0.427861
chrX:17388000-17388999,-0.427865
chr3L:21373500-21374499,-0.428014
chr3R:21946500-21947499,-0.428096
chr3L:7720000-7720999,-0.428116
chr2L:12290000-12290999,-0.42822
chr2L:1414000-1414999,-0.428316
chr2L:12803500-12804499,-0.428327
chr3L:10244500-10245499,-0.428345
chr3LHet:1927000-1927999,-0.428374
chr3R:11856500-11857499,-0.428471
chrX:3274000-3274999,-0.428495
chr3L:18030500-18031499,-0.428524
chr3L:3270000-3270999,-0.428611
chr2R:12413500-12414499,-0.428803
chrX:1479000-1479999,-0.428833
chrX:17881500-17882499,-0.42891
chr3R:16015500-16016499,-0.428911
chr3L:6770500-6771499,-0.428912
chr2L:8872000-8872999,-0.428955
chr2L:19282500-19283499,-0.429025
chr3R:18874000-18874999,-0.429079
chr3R:9574000-9574999,-0.429201
chr2L:2685500-2686499,-0.429303
chr3L:4712500-4713499,-0.429527
chr3L:6910500-6911499,-0.429636
chr2L:1901500-1902499,-0.429644
chrX:5462000-5462999,-0.42967
chrX:8270500-8271499,-0.429755
chr2L:7945000-7945999,-0.429769
chr3L:14637500-14638499,-0.429776
chr2L:19920500-19921499,-0.429849
chr3R:12393500-12394499,-0.429886
chr2R:17848000-17848999,-0.429888
chr2L:4677000-4677999,-0.430007
chr3R:20126000-20126999,-0.43015
chr3R:2112000-2112999,-0.43017
chr2L:4052500-4053499,-0.430296
chrX:9724500-9725499,-0.430371
chr3R:179000-179999,-0.430408
chr2R:17928000-17928999,-0.430449
chr2R:15874000-15874999,-0.430509
chr3L:21184500-21185499,-0.430537
chrX:15422500-15423499,-0.430621
chr3R:9171000-9171999,-0.430649
chr3R:6903500-6904499,-0.430675
chr3R:15671000-15671999,-0.430676
chr3R:26826000-26826999,-0.430757
chr3L:12190000-12190999,-0.430773
chr3L:14149000-14149999,-0.430921
chr2L:2826000-2826999,-0.430977
chr3R:5201000-5201999,-0.431045
chr2L:11475500-11476499,-0.431049
chrX:8008000-8008999,-0.431076
chr2R:8436500-8437499,-0.431107
chr3R:4511500-4512499,-0.431163
chr3L:14185000-14185999,-0.431254
chr2R:12606500-12607499,-0.431309
chr2L:4676500-4677499,-0.431318
chr2L:8786000-8786999,-0.431359
chr3R:20294000-20294999,-0.431369
chr3R:21240000-21240999,-0.431377
chr3R:14759500-14760499,-0.431404
chr3R:23681500-23682499,-0.43147
chr3L:5480500-5481499,-0.431615
chr3R:3878500-3879499,-0.431618
chr3R:12625500-12626499,-0.431685
chr3L:641500-642499,-0.431755
chrX:13813000-13813999,-0.431881
chr3R:10031500-10032499,-0.431998
chr2L:16931000-16931999,-0.432007
chrUextra:1398500-1399499,-0.432008
chr2L:13104500-13105499,-0.432047
chr3R:20820500-20821499,-0.432135
chr3L:18624000-18624999,-0.432174
chrX:13774500-13775499,-0.432266
chrX:8470000-8470999,-0.432286
chr2L:4154000-4154999,-0.432452
chr3R:19072500-19073499,-0.432465
chr3R:2153500-2154499,-0.432519
chr3R:175500-176499,-0.432584
chr2R:20186000-20186999,-0.432612
chr3R:10314000-10314999,-0.432623
chrX:14234000-14234999,-0.432768
chr3R:3281000-3281999,-0.432824
chrUextra:2298500-2299499,-0.432883
chr3R:26100500-26101499,-0.432883
chr3R:17467500-17468499,-0.433044
chrX:9646000-9646999,-0.433069
chr2R:15902000-15902999,-0.433106
chr3L:13630000-13630999,-0.433171
chr2R:6890000-6890999,-0.433201
chrX:4347500-4348499,-0.433606
chr3R:17803000-17803999,-0.433742
chrX:69500-70499,-0.433759
chr2R:8655000-8655999,-0.433789
chr2L:13650000-13650999,-0.433948
chr3L:17223500-17224499,-0.434024
chr3R:20234000-20234999,-0.434098
chr2L:15680500-15681499,-0.434139
chr2R:17290000-17290999,-0.43414
chrX:3579500-3580499,-0.434208
chr3R:10755500-10756499,-0.434217
chrX:4047500-4048499,-0.434307
chrX:15088000-15088999,-0.43432
chrX:3287500-3288499,-0.434441
chrX:20624000-20624999,-0.434615
chrX:22054500-22055499,-0.434642
chr3R:11937500-11938499,-0.434667
chrX:8430500-8431499,-0.434809
chr2R:10110000-10110999,-0.434873
chr3R:24270500-24271499,-0.434918
chr3L:15164500-15165499,-0.434926
chr2R:11611500-11612499,-0.434933
chr3R:23730000-23730999,-0.434937
chrX:17692500-17693499,-0.434944
chr2R:3470500-3471499,-0.434975
chr3R:12243500-12244499,-0.435003
chr3L:17105500-17106499,-0.435177
chr2R:12583500-12584499,-0.435181
chrX:1863000-1863999,-0.435401
chr3R:4054000-4054999,-0.435481
chr2L:8286500-8287499,-0.435482
chr3L:19752000-19752999,-0.435576
chr3L:16465500-16466499,-0.435614
chr2R:6926000-6926999,-0.435625
chr2L:4588000-4588999,-0.435693
chr3L:18097500-18098499,-0.435696
chr3R:24505500-24506499,-0.435698
chr2L:2689000-2689999,-0.435773
chr2R:16700000-16700999,-0.435865
chr2R:14242500-14243499,-0.435934
chr2L:18071000-18071999,-0.435999
chr2L:18196500-18197499,-0.436117
chr2R:19238000-19238999,-0.436179
chr2L:18588000-18588999,-0.436278
chr3L:18543000-18543999,-0.436355
chr2R:11713000-11713999,-0.436362
chrX:14877500-14878499,-0.436432
chr3L:18130500-18131499,-0.436477
chr3R:25114500-25115499,-0.436581
chr3R:15148500-15149499,-0.436602
chrX:18021000-18021999,-0.436618
chr3L:16328000-16328999,-0.436629
chrX:22293000-22293999,-0.436709
chr2R:19118500-19119499,-0.436844
chrM:3000-3999,-0.437158
chr2R:15030000-15030999,-0.437184
chr2L:12606500-12607499,-0.437299
chr3L:16967500-16968499,-0.437301
chrX:4857500-4858499,-0.437318
chr2L:21067000-21067999,-0.437365
chr3R:16535000-16535999,-0.437396
chrX:2753000-2753999,-0.437438
chrX:7135000-7135999,-0.437468
chr2R:12014500-12015499,-0.437496
chr2R:16538000-16538999,-0.437497
chr3R:10778000-10778999,-0.437612
chrX:10432000-10432999,-0.437668
chr3R:3665500-3666499,-0.437728
chr2R:21132500-21133499,-0.437762
chr3R:19245500-19246499,-0.437805
chr2L:1340000-1340999,-0.437859
chrX:19326000-19326999,-0.43787
chr3R:21205000-21205999,-0.437876
chr2L:7175500-7176499,-0.437915
chr3R:23051500-23052499,-0.438027
chr3L:4098500-4099499,-0.438035
chr2L:7940500-7941499,-0.438039
chr2R:12822000-12822999,-0.438058
chr3R:9972500-9973499,-0.438123
chr3R:10845500-10846499,-0.43816
chr3R:15564500-15565499,-0.438217
chr2R:8794000-8794999,-0.438247
chrX:20168000-20168999,-0.438252
chr3R:18254000-18254999,-0.438254
chr3L:20370000-20370999,-0.438256
chrX:8193500-8194499,-0.438305
chr2R:20594500-20595499,-0.438322
chr3R:10947000-10947999,-0.438363
chr2L:6134000-6134999,-0.438433
chrX:1666500-1667499,-0.438544
chr2L:6842000-6842999,-0.438567
chr3L:21556000-21556999,-0.438645
chr3R:2464000-2464999,-0.438687
chr2L:12682500-12683499,-0.438788
chr2L:10719500-10720499,-0.438825
chr3L:7959000-7959999,-0.438901
chrX:5881000-5881999,-0.438917
chrX:20434000-20434999,-0.438944
chr2R:2000000-2000999,-0.438961
chrX:19270500-19271499,-0.439021
chrX:7400500-7401499,-0.439069
chr3L:11319500-11320499,-0.439135
chr2R:8137500-8138499,-0.43917
chr2L:15286500-15287499,-0.439241
chr3L:11389000-11389999,-0.439265
chr2R:13111000-13111999,-0.439367
chr3L:21109000-21109999,-0.439444
chr3R:2778500-2779499,-0.439474
chr3L:7211000-7211999,-0.439494
chr2R:1199500-1200499,-0.439562
chr3L:7870000-7870999,-0.43969
chrX:12756000-12756999,-0.439757
chr3L:17981000-17981999,-0.43976
chr3L:9910000-9910999,-0.439772
chr3R:19921000-19921999,-0.43983
chrX:22065000-22065999,-0.439874
chr2L:1451000-1451999,-0.439988
chrX:22137500-22138499,-0.440173
chr2L:1967500-1968499,-0.440245
chr3R:25251000-25251999,-0.440294
chr3L:17477500-17478499,-0.44033
chr2L:5258000-5258999,-0.440537
chr2L:1626000-1626999,-0.440604
chr3L:22167500-22168499,-0.440654
chr3R:20588500-20589499,-0.44073
chr2R:13274500-13275499,-0.440805
chr2L:12184500-12185499,-0.440807
chr3L:13193500-13194499,-0.441044
chr3L:16649500-16650499,-0.441122
chrUextra:16565000-16565999,-0.441187
chrX:14773000-14773999,-0.441188
chrX:5927000-5927999,-0.44119
chr3R:4685000-4685999,-0.441236
chr2L:19901000-19901999,-0.441267
chr2L:16917500-16918499,-0.441289
chr3R:2248000-2248999,-0.441299
chr3L:3636000-3636999,-0.441394
chr2R:10543000-10543999,-0.441396
chr2L:12242500-12243499,-0.441432
chr3R:15185000-15185999,-0.441446
chr2R:14488000-14488999,-0.441645
chr2L:1428500-1429499,-0.441712
chr3R:15894500-15895499,-0.441774
chr2L:18406500-18407499,-0.441809
chrX:4288000-4288999,-0.441811
chrX:13538000-13538999,-0.441928
chr3L:728500-729499,-0.442026
chr2R:6787500-6788499,-0.442127
chr2R:16821500-16822499,-0.442153
chr2L:2801000-2801999,-0.44216
chrX:5174500-5175499,-0.442272
chrX:15071000-15071999,-0.442274
chr2L:373000-373999,-0.442416
chr3R:24380000-24380999,-0.442446
chr3R:11744500-11745499,-0.442454
chrX:8350000-8350999,-0.442521
chr2L:1889000-1889999,-0.442571
chrX:8185000-8185999,-0.442618
chr2L:1547500-1548499,-0.44268
chr2R:15151500-15152499,-0.442685
chr3R:23560000-23560999,-0.442688
chr3R:2370000-2370999,-0.44279
chr3R:1170000-1170999,-0.442893
chr3R:6106500-6107499,-0.442938
chrUextra:848500-849499,-0.442957
chr3LHet:458000-458999,-0.442975
chr3L:7593500-7594499,-0.443119
chr2R:4066000-4066999,-0.443183
chrX:14023500-14024499,-0.443254
chr3L:4048000-4048999,-0.44327
chr2L:12908500-12909499,-0.4433
chr3R:25220000-25220999,-0.44331
chr2L:2478000-2478999,-0.443339
chr2L:11453500-11454499,-0.443345
chr3L:19697500-19698499,-0.443485
chr3R:3338500-3339499,-0.443529
chr3RHet:732000-732999,-0.443536
chr3R:18684000-18684999,-0.443561
chr3L:22703500-22704499,-0.443682
chr3R:2835500-2836499,-0.443685
chr3R:12198000-12198999,-0.443706
chr2R:16082500-16083499,-0.443722
chrX:5829000-5829999,-0.443767
chrX:8825500-8826499,-0.4438
chrX:8927000-8927999,-0.443892
chr3R:10300000-10300999,-0.443935
chr2R:1639000-1639999,-0.443946
chr2L:2487000-2487999,-0.444024
chr2R:12868000-12868999,-0.444079
chr2L:2689500-2690499,-0.444147
chr3L:7207500-7208499,-0.444235
chr2L:19859500-19860499,-0.444403
chrX:6318000-6318999,-0.444421
chr2L:19569500-19570499,-0.444629
chr3R:15357500-15358499,-0.444651
chr3R:15772000-15772999,-0.444655
chrX:19221500-19222499,-0.444669
chr3L:6111000-6111999,-0.444764
chr2L:1246000-1246999,-0.444805
chr3R:24241500-24242499,-0.444866
chr3R:2430000-2430999,-0.444892
chr3L:12429000-12429999,-0.444943
chr3R:22077500-22078499,-0.445021
chr3R:20167500-20168499,-0.445055
chr3R:24019500-24020499,-0.445155
chrX:9249500-9250499,-0.445174
chr2L:1304500-1305499,-0.445251
chr3R:24446500-24447499,-0.445259
chr3R:4500-5499,-0.445273
chr3R:9274000-9274999,-0.445285
chr2L:12825000-12825999,-0.445307
chr2R:4310000-4310999,-0.445321
chrX:6692000-6692999,-0.445333
chr2L:11902000-11902999,-0.445375
chr2R:6890500-6891499,-0.445403
chrX:7548000-7548999,-0.445427
chrX:11182000-11182999,-0.445442
chrX:16513000-16513999,-0.44552
chrX:994000-994999,-0.445633
chr3R:25198000-25198999,-0.445726
chr3L:13908000-13908999,-0.445734
chr3L:2016000-2016999,-0.445912
chr3L:12476000-12476999,-0.445931
chr2L:9754000-9754999,-0.446054
chrUextra:7241500-7242499,-0.446133
chr2L:12234000-12234999,-0.446187
chr3R:18054000-18054999,-0.446199
chrX:15011000-15011999,-0.446238
chrX:21277500-21278499,-0.446457
chrX:5461000-5461999,-0.446459
chrX:883000-883999,-0.446465
chr2L:12858000-12858999,-0.44649
chr2L:15436500-15437499,-0.446502
chrX:19498000-19498999,-0.44657
chr3L:11145000-11145999,-0.446587
chrX:7558500-7559499,-0.446663
chr2L:1810000-1810999,-0.446728
chr3R:7196500-7197499,-0.446741
chr2L:8920000-8920999,-0.446752
chrUextra:15125500-15126499,-0.446825
chr2R:11475000-11475999,-0.44695
chr3L:15705500-15706499,-0.44698
chr3L:18473500-18474499,-0.447042
chrX:18119000-18119999,-0.447065
chr3R:6542500-6543499,-0.447094
chr2L:12636500-12637499,-0.447151
chrX:1865000-1865999,-0.447175
chrX:10572500-10573499,-0.44719
chr3R:1795000-1795999,-0.447277
chr2L:9046000-9046999,-0.447295
chrX:10216000-10216999,-0.447334
chr3L:10153000-10153999,-0.447338
chrX:899000-899999,-0.447378
chr2R:15478000-15478999,-0.447482
chr3L:3261000-3261999,-0.447548
chr2L:2510500-2511499,-0.447553
chr2R:19457500-19458499,-0.447612
chr3R:18053000-18053999,-0.447648
chrX:6988500-6989499,-0.447783
chr3R:18449000-18449999,-0.447783
chr3R:1761000-1761999,-0.447846
chr2R:12495500-12496499,-0.447854
chrX:20780000-20780999,-0.44796
chrX:3646500-3647499,-0.448039
chr3R:2577500-2578499,-0.44807
chr2L:7535000-7535999,-0.448174
chr2R:8628000-8628999,-0.448247
chr2R:20516500-20517499,-0.448306
chrX:6207500-6208499,-0.448351
chrX:3340000-3340999,-0.448369
chrX:14763000-14763999,-0.448394
chrX:665500-666499,-0.448395
chr3R:851000-851999,-0.448478
chr3R:24762000-24762999,-0.448482
chr2L:21012500-21013499,-0.448512
chr3R:12994000-12994999,-0.448539
chr2R:8958000-8958999,-0.448714
chr3L:14209500-14210499,-0.448758
chr3R:7803000-7803999,-0.44885
chr2L:5665000-5665999,-0.448902
chr2L:14399000-14399999,-0.448944
chrX:12901500-12902499,-0.448958
chr2L:7261500-7262499,-0.449032
chr2L:8504500-8505499,-0.449047
chr2R:16732000-16732999,-0.449054
chr3L:17220500-17221499,-0.449084
chr3R:806500-807499,-0.449121
chr3R:26123500-26124499,-0.449144
chrX:18637500-18638499,-0.449167
chr3R:8840000-8840999,-0.449278
chr3L:13697500-13698499,-0.449315
chr3R:2285500-2286499,-0.449335
chr2L:15863000-15863999,-0.449444
chrU:99500-100499,-0.449491
chr3R:6369000-6369999,-0.449555
chr2L:16500000-16500999,-0.449591
chr3R:8894500-8895499,-0.449614
chr3R:22188000-22188999,-0.449615
chrX:14296000-14296999,-0.449665
chr3L:17458000-17458999,-0.449749
chr3R:21470500-21471499,-0.449932
chrX:3630500-3631499,-0.449945
chrX:7125000-7125999,-0.450037
chr2L:6268500-6269499,-0.450154
chr3L:6434500-6435499,-0.450164
chr2L:8807500-8808499,-0.45017
chr3L:9413500-9414499,-0.450182
chr2L:22011000-22011999,-0.450199
chr2L:661000-661999,-0.450242
chrX:12219500-12220499,-0.450277
chr3R:13587500-13588499,-0.450278
chr2L:4046500-4047499,-0.450292
chr2R:11380000-11380999,-0.450379
chrX:20863000-20863999,-0.450391
chrX:18631500-18632499,-0.450412
chr3L:2401000-2401999,-0.450475
chr3R:3218500-3219499,-0.45055
chrX:352500-353499,-0.450565
chr3R:4313000-4313999,-0.450584
chr3R:15824000-15824999,-0.450631
chr2R:2066000-2066999,-0.450642
chr2L:7485500-7486499,-0.45068
chr2R:2984000-2984999,-0.450695
chr3L:5634500-5635499,-0.450721
chr3R:17545500-17546499,-0.450826
chr3R:9554000-9554999,-0.450896
chr2R:11248000-11248999,-0.450918
chr3L:17457000-17457999,-0.450932
chr3L:3398000-3398999,-0.450955
chrUextra:29002500-29003499,-0.450975
chr3L:9897500-9898499,-0.451045
chr2L:22834500-22835499,-0.45109
chr3L:18556000-18556999,-0.451149
chr3R:20825500-20826499,-0.451157
chr3R:21357000-21357999,-0.451185
chr2L:18413000-18413999,-0.451209
chr2R:19014000-19014999,-0.451248
chr2L:4363500-4364499,-0.451293
chrX:1300000-1300999,-0.451319
chr2L:17818500-17819499,-0.451618
chr2L:13122500-13123499,-0.451685
chrX:3578500-3579499,-0.451694
chr3R:1248000-1248999,-0.451712
chr3L:14083000-14083999,-0.451795
chr2R:20367000-20367999,-0.451851
chr3L:16040500-16041499,-0.45186
chr2R:17091000-17091999,-0.452018
chrX:13467500-13468499,-0.452071
chr2R:11137500-11138499,-0.452086
chr2L:5225000-5225999,-0.452175
chr3L:12866500-12867499,-0.452212
chrX:5991500-5992499,-0.452335
chrX:12593000-12593999,-0.452345
chr3L:17181000-17181999,-0.452505
chrX:6109500-6110499,-0.452531
chr3R:5275500-5276499,-0.452743
chr2R:19077000-19077999,-0.452774
chr3L:11292000-11292999,-0.452783
chr2L:2723500-2724499,-0.452852
chr3L:23717500-23718499,-0.452922
chr3R:18683500-18684499,-0.452926
chr2L:828000-828999,-0.452935
chr2R:6663000-6663999,-0.452958
chrX:9205500-9206499,-0.453058
chr2L:666500-667499,-0.453085
chr3L:7273500-7274499,-0.453312
chr3R:7082000-7082999,-0.453381
chr3R:2837500-2838499,-0.453391
chrX:11156000-11156999,-0.453415
chr3L:12170500-12171499,-0.453463
chr3R:5858500-5859499,-0.453686
chr3L:20045500-20046499,-0.453743
chr3R:17075500-17076499,-0.453758
chrX:3666500-3667499,-0.453827
chr2L:8792500-8793499,-0.453944
chr2R:8605000-8605999,-0.453978
chrX:8114500-8115499,-0.454149
chrX:10523500-10524499,-0.454162
chr2L:6503500-6504499,-0.454302
chr3L:17706500-17707499,-0.454376
chr2R:5566500-5567499,-0.454423
chrX:12935500-12936499,-0.454433
chr2L:17682000-17682999,-0.454442
chrX:21380500-21381499,-0.454482
chr3R:26636500-26637499,-0.454561
chr2L:4859000-4859999,-0.454564
chrX:7387500-7388499,-0.454638
chr3R:19195500-19196499,-0.454646
chr3L:22563000-22563999,-0.454727
chr2L:5081000-5081999,-0.454797
chr3LHet:647500-648499,-0.454804
chr2R:15732500-15733499,-0.454828
chr3L:5000500-5001499,-0.454857
chr3R:9715000-9715999,-0.454896
chr3R:21984000-21984999,-0.454934
chr3L:634500-635499,-0.454958
chr2R:5814500-5815499,-0.454964
chrUextra:22306500-22307499,-0.454981
chrX:1999500-2000499,-0.455053
chr3L:6276500-6277499,-0.455085
chr2L:9045500-9046499,-0.455101
chr2L:12876000-12876999,-0.455103
chr2R:11923500-11924499,-0.455122
chr3R:21946000-21946999,-0.455125
chr3R:26685000-26685999,-0.455175
chr3L:10780500-10781499,-0.455186
chr3L:2853000-2853999,-0.455211
chr3L:10737500-10738499,-0.455276
chr3R:25926500-25927499,-0.455315
chr3R:14343000-14343999,-0.455388
chrX:3938000-3938999,-0.455428
chrX:14580500-14581499,-0.455637
chrX:4088500-4089499,-0.455693
chrX:2187500-2188499,-0.45573
chr3R:26851000-26851999,-0.455779
chr2L:1194000-1194999,-0.455861
chrX:20555500-20556499,-0.455895
chrX:271000-271999,-0.455939
chr2L:17865000-17865999,-0.45596
chr3R:9994500-9995499,-0.455976
chr3R:21379500-21380499,-0.456085
chr3R:12246500-12247499,-0.45612
chr2L:12608000-12608999,-0.456137
chrX:1343500-1344499,-0.456238
chr2R:17801000-17801999,-0.45624
chrX:18884000-18884999,-0.456248
chr2R:20572000-20572999,-0.456262
chrX:15386000-15386999,-0.456297
chr3R:18582000-18582999,-0.456383
chrX:2660000-2660999,-0.456434
chr3L:7962500-7963499,-0.456444
chrX:7283500-7284499,-0.456596
chr3R:23323000-23323999,-0.45675
chr2L:3993000-3993999,-0.456853
chr3L:70500-71499,-0.456886
chr2L:6017500-6018499,-0.456965
chr3R:12197500-12198499,-0.456977
chr3R:7546000-7546999,-0.457079
chr3R:6877500-6878499,-0.457121
chr3L:16147500-16148499,-0.457127
chr3R:24069000-24069999,-0.45716
chr3L:3440500-3441499,-0.457493
chrUextra:20455000-20455999,-0.457538
chr3R:8078000-8078999,-0.457538
chrX:8235500-8236499,-0.457545
chr3R:3400500-3401499,-0.457574
chr2L:20907500-20908499,-0.457601
chr3L:19035500-19036499,-0.457645
chr3R:21459000-21459999,-0.4577
chr3R:9176000-9176999,-0.457768
chr3R:15903000-15903999,-0.45785
chr2R:15675000-15675999,-0.457855
chr3R:688500-689499,-0.457904
chr3R:24057500-24058499,-0.457975
chr3L:22204000-22204999,-0.458016
chr2L:5285000-5285999,-0.458018
chr2L:13415000-13415999,-0.458056
chr2L:5748500-5749499,-0.458064
chr3R:22716500-22717499,-0.458078
chr3R:16286000-16286999,-0.458126
chr2L:10115500-10116499,-0.458166
chr2L:12375000-12375999,-0.458208
chr3R:14645500-14646499,-0.45837
chr3L:6824000-6824999,-0.458411
chrX:10293500-10294499,-0.458564
chr2L:7217000-7217999,-0.45862
chr2R:5226000-5226999,-0.458706
chr3R:22661500-22662499,-0.458764
chr3R:9297500-9298499,-0.458765
chr3R:22913500-22914499,-0.458794
chr3L:15935500-15936499,-0.45887
chrX:13040000-13040999,-0.458893
chrX:19203000-19203999,-0.458953
chr2R:13513500-13514499,-0.45902
chr3R:27527500-27528499,-0.459043
chr2R:10958500-10959499,-0.459123
chr2R:3261000-3261999,-0.459184
chr3L:21445000-21445999,-0.459261
chr3L:6638500-6639499,-0.459306
chrX:3448000-3448999,-0.45931
chr2R:3157000-3157999,-0.459384
chr3R:21758500-21759499,-0.459429
chr2R:16441000-16441999,-0.459521
chr2L:4234000-4234999,-0.45968
chrX:8578000-8578999,-0.45994
chr3L:4296500-4297499,-0.460042
chr3L:8323500-8324499,-0.460104
chr3R:17761000-17761999,-0.460118
chr3L:15196000-15196999,-0.460183
chr2R:4217500-4218499,-0.460231
chr2R:1598000-1598999,-0.460239
chr3L:10327500-10328499,-0.460288
chr2R:10937500-10938499,-0.460332
chr2L:616500-617499,-0.46039
chr3L:22675500-22676499,-0.460471
chr3R:2223000-2223999,-0.460486
chr2R:12875000-12875999,-0.460578
chr3L:8036000-8036999,-0.460619
chr3L:13246000-13246999,-0.460632
chrX:2990500-2991499,-0.460663
chr3L:4781500-4782499,-0.460689
chrX:14376500-14377499,-0.460797
chr2R:9899000-9899999,-0.460864
chr2R:8269500-8270499,-0.460872
chr3L:138000-138999,-0.460888
chr2R:15520500-15521499,-0.460993
chr3R:15179000-15179999,-0.460994
chr2R:17439500-17440499,-0.461006
chr3R:26179500-26180499,-0.461052
chr3L:4944000-4944999,-0.461088
chr3R:21392000-21392999,-0.461114
chr2R:1800000-1800999,-0.461292
chr3L:6933500-6934499,-0.461338
chr3R:27311500-27312499,-0.461422
chr3L:7453000-7453999,-0.461471
chr3R:18002500-18003499,-0.461484
chr2L:5371500-5372499,-0.461496
chr3L:9998000-9998999,-0.461544
chr2R:20401000-20401999,-0.461556
chr2L:14306000-14306999,-0.461557
chrX:7424500-7425499,-0.461692
chr3R:4301500-4302499,-0.461743
chr3L:12692500-12693499,-0.4618
chr3L:13574500-13575499,-0.461802
chrX:17459000-17459999,-0.461825
chr2L:375000-375999,-0.461844
chr4:1162000-1162999,-0.461937
chr2R:11020000-11020999,-0.462005
chr2L:4035000-4035999,-0.462078
chrX:3609500-3610499,-0.462085
chrX:10105000-10105999,-0.462195
chr3L:14104000-14104999,-0.462238
chr2R:16632000-16632999,-0.462266
chr2R:13005000-13005999,-0.462329
chrX:17435000-17435999,-0.462348
chr2L:6235000-6235999,-0.462414
chr2L:5019000-5019999,-0.462494
chr2R:19865500-19866499,-0.462496
chr2L:16361500-16362499,-0.462525
chr3R:23270500-23271499,-0.462572
chr3R:12499000-12499999,-0.462629
chr2L:14116000-14116999,-0.462644
chr2R:7358500-7359499,-0.462675
chr2L:20586000-20586999,-0.462692
chr3L:785500-786499,-0.462757
chr3L:14416500-14417499,-0.462773
chr3L:13199000-13199999,-0.462843
chr2L:13927500-13928499,-0.462883
chr2L:5410500-5411499,-0.462959
chr3L:2741000-2741999,-0.462966
chr2L:12869500-12870499,-0.463001
chr3R:19938500-19939499,-0.463005
chr2R:17314500-17315499,-0.463033
chr3L:10931000-10931999,-0.463053
chr2R:21010000-21010999,-0.463161
chr2R:8588500-8589499,-0.463261
chr2L:19337000-19337999,-0.463337
chr3RHet:1491500-1492499,-0.463349
chr3L:4481500-4482499,-0.463366
chr3R:19261500-19262499,-0.463368
chr3R:4296000-4296999,-0.46341
chrUextra:16601000-16601999,-0.463419
chr2R:1707500-1708499,-0.463501
chr3L:21053000-21053999,-0.463558
chr2L:20622000-20622999,-0.463591
chr3R:19776500-19777499,-0.463667
chrX:9984500-9985499,-0.463668
chr3L:14605000-14605999,-0.463695
chrX:6049000-6049999,-0.463704
chr3R:176000-176999,-0.463716
chr3L:4077000-4077999,-0.463787
chrX:11520000-11520999,-0.46382
chr2L:13123500-13124499,-0.463887
chr3L:14216000-14216999,-0.46391
chr3L:13683000-13683999,-0.46393
chrU:5558500-5559499,-0.463956
chr3R:13538000-13538999,-0.463962
chr3R:16103500-16104499,-0.463968
chr3R:26573500-26574499,-0.463998
chr3L:22490500-22491499,-0.464019
chr2L:2076500-2077499,-0.464038
chr3R:10777500-10778499,-0.464041
chrX:19736000-19736999,-0.464106
chr3L:2858500-2859499,-0.464113
chr2L:9754500-9755499,-0.464141
chrX:19612000-19612999,-0.464157
chr2R:16470000-16470999,-0.464194
chr2L:21605000-21605999,-0.464233
chr3L:13674000-13674999,-0.464245
chr2L:3136000-3136999,-0.464337
chr3R:14878000-14878999,-0.46435
chr2L:14271000-14271999,-0.464399
chr2L:12960000-12960999,-0.464409
chr3R:12780000-12780999,-0.464446
chr2RHet:3016500-3017499,-0.464497
chrX:5812500-5813499,-0.464563
chr2L:14653500-14654499,-0.464576
chr2L:2165000-2165999,-0.464589
chrX:3580000-3580999,-0.464607
chr3R:18999000-18999999,-0.464667
chrX:4537000-4537999,-0.464702
chrX:13914500-13915499,-0.464793
chrX:10828500-10829499,-0.464861
chr2R:20436500-20437499,-0.464891
chrX:13036000-13036999,-0.46491
chrX:7675500-7676499,-0.465039
chrU:6687500-6688499,-0.465102
chr3R:26778500-26779499,-0.465372
chr2R:12400500-12401499,-0.465459
chr2L:17645000-17645999,-0.465517
chr3L:13893000-13893999,-0.465547
chr3L:18693500-18694499,-0.465562
chr2L:2016500-2017499,-0.465637
chrX:22077000-22077999,-0.465649
chr3R:14449000-14449999,-0.465665
chr3R:6897000-6897999,-0.465726
chr2R:18338500-18339499,-0.465848
chr3L:10478500-10479499,-0.465966
chr2R:18697000-18697999,-0.465984
chr2L:1626500-1627499,-0.46609
chr2L:12887500-12888499,-0.466135
chr3R:3545000-3545999,-0.46616
chr3L:9255500-9256499,-0.466164
chr3R:2934500-2935499,-0.466172
chr3L:10396500-10397499,-0.466172
chr2L:17447000-17447999,-0.466203
chr2L:1815500-1816499,-0.466209
chrX:4948000-4948999,-0.466247
chr3R:3814000-3814999,-0.466256
chr2L:11601500-11602499,-0.466324
chr2R:5106000-5106999,-0.466343
chrX:22202000-22202999,-0.466346
chr3L:15634500-15635499,-0.466363
chr3L:7411500-7412499,-0.466383
chrX:5542000-5542999,-0.466602
chr3L:3666500-3667499,-0.466713
chr2L:1448000-1448999,-0.466755
chr3R:25253500-25254499,-0.466772
chr3L:19724000-19724999,-0.466785
chrX:6882000-6882999,-0.466802
chrX:3178000-3178999,-0.466812
chrX:11753500-11754499,-0.466838
chr3R:26885000-26885999,-0.466865
chr2R:12246000-12246999,-0.466904
chrX:2538000-2538999,-0.466911
chr3R:6427000-6427999,-0.467191
chrX:6109000-6109999,-0.467297
chr2R:4071500-4072499,-0.467326
chrX:2774500-2775499,-0.467369
chr2R:8932500-8933499,-0.467384
chrX:6932500-6933499,-0.467464
chr3R:7156000-7156999,-0.467503
chr3L:14192000-14192999,-0.467511
chrX:19984500-19985499,-0.467531
chr2R:13076000-13076999,-0.467558
chr4:815500-816499,-0.467604
chr2R:4751500-4752499,-0.467605
chrX:9511000-9511999,-0.467707
chr2R:15119500-15120499,-0.46788
chr2L:7279000-7279999,-0.467985
chrX:6098000-6098999,-0.468002
chr3R:8427500-8428499,-0.468074
chr3R:27246500-27247499,-0.46817
chr2R:15733000-15733999,-0.468174
chr3L:13784500-13785499,-0.468193
chr3L:7869500-7870499,-0.468205
chr3L:912500-913499,-0.468206
chr2L:15833000-15833999,-0.468257
chr3R:18259000-18259999,-0.468338
chr3L:3856000-3856999,-0.468377
chrX:9508500-9509499,-0.468406
chr4:547500-548499,-0.468406
chr3R:7857500-7858499,-0.468406
chr3R:18348000-18348999,-0.468451
chr3L:4783000-4783999,-0.468525
chrX:3093500-3094499,-0.468626
chr3R:20087000-20087999,-0.468673
chrX:22421500-22422499,-0.46868
chr2R:20842500-20843499,-0.468685
chr3L:6824500-6825499,-0.468709
chr3L:4782000-4782999,-0.468721
chr2R:14367500-14368499,-0.468752
chr3R:18481500-18482499,-0.468771
chr2R:14673500-14674499,-0.468877
chr3L:21158500-21159499,-0.468908
chr3L:15312000-15312999,-0.468966
chr2L:19831000-19831999,-0.468976
chr2R:3192500-3193499,-0.469014
chr2L:1404500-1405499,-0.469029
chr2L:1629000-1629999,-0.469055
chr2L:17623000-17623999,-0.469094
chr2R:19336000-19336999,-0.469206
chr2L:21584000-21584999,-0.469387
chr3L:13295500-13296499,-0.46946
chr3R:16814500-16815499,-0.469486
chr3R:25665500-25666499,-0.469563
chrX:3150500-3151499,-0.469649
chrX:3169500-3170499,-0.4697
chr3R:5732000-5732999,-0.46978
chr2L:6387500-6388499,-0.46991
chr3L:10523000-10523999,-0.469951
chr2L:8879500-8880499,-0.470027
chr3R:27346000-27346999,-0.470138
chr3L:10964000-10964999,-0.470142
chr2R:5968000-5968999,-0.470224
chr3L:15791000-15791999,-0.470274
chrX:7288000-7288999,-0.470324
chrX:1618500-1619499,-0.470397
chr2R:4279500-4280499,-0.470424
chr3R:15171500-15172499,-0.470482
chr2L:16534500-16535499,-0.470651
chr2R:10914500-10915499,-0.470804
chrX:7100000-7100999,-0.470885
chr3R:7121000-7121999,-0.470896
chr2R:11115500-11116499,-0.470899
chrX:10259000-10259999,-0.470979
chr3L:20818000-20818999,-0.471003
chr3L:13306500-13307499,-0.471014
chrX:4899000-4899999,-0.471114
chr2L:3997500-3998499,-0.471144
chr2R:17617000-17617999,-0.471148
chr2R:2375000-2375999,-0.471178
chr2L:9945000-9945999,-0.471218
chrX:15152500-15153499,-0.471262
chr3L:13948500-13949499,-0.47127
chr2R:14899500-14900499,-0.471275
chrX:12782000-12782999,-0.471323
chr2L:2701500-2702499,-0.471383
chr3R:23308000-23308999,-0.471435
chr2L:17830000-17830999,-0.471469
chr2L:2280000-2280999,-0.471474
chr2L:4754500-4755499,-0.471524
chr3R:5315000-5315999,-0.471604
chr3R:9703000-9703999,-0.471624
chr2L:2631000-2631999,-0.471634
chrX:13741500-13742499,-0.471656
chr2L:18149500-18150499,-0.471678
chrX:855500-856499,-0.471729
chr3L:22153500-22154499,-0.471742
chr3L:13538500-13539499,-0.471768
chrX:5255000-5255999,-0.471871
chr3L:3078500-3079499,-0.471916
chr3R:3566500-3567499,-0.472022
chr3R:12922000-12922999,-0.472075
chrX:17252000-17252999,-0.47209
chr3R:906500-907499,-0.472121
chrX:19295000-19295999,-0.472135
chrX:5032500-5033499,-0.472161
chr2L:11686000-11686999,-0.472306
chr3L:2469000-2469999,-0.472358
chr3L:5148500-5149499,-0.472476
chr3R:18509000-18509999,-0.472541
chr3L:1396000-1396999,-0.47257
chr2R:17465000-17465999,-0.472617
chr3L:11853500-11854499,-0.472666
chr3L:17773000-17773999,-0.472685
chr2R:12877500-12878499,-0.472744
chr3R:3878000-3878999,-0.472753
chr3R:15381500-15382499,-0.472808
chrX:4129500-4130499,-0.472866
chr2L:19323000-19323999,-0.472888
chrX:3808500-3809499,-0.472955
chr3R:13898500-13899499,-0.472976
chrU:5291500-5292499,-0.473039
chr2R:17906000-17906999,-0.473044
chrX:2927500-2928499,-0.473079
chr2R:15873500-15874499,-0.473086
chr2R:12796000-12796999,-0.473103
chrX:4087500-4088499,-0.473232
chrX:8669000-8669999,-0.473421
chr2L:20697500-20698499,-0.473458
chr2R:8834000-8834999,-0.473476
chr3R:8037000-8037999,-0.473507
chr3L:22389500-22390499,-0.473523
chr3L:19050500-19051499,-0.473527
chr3L:13576000-13576999,-0.473557
chr2L:15342000-15342999,-0.473568
chr3L:11836500-11837499,-0.473613
chr2L:19199500-19200499,-0.473666
chrX:14015500-14016499,-0.473697
chr3R:6758500-6759499,-0.473722
chr2L:9278500-9279499,-0.473741
chr3L:22414500-22415499,-0.473743
chr3L:7803000-7803999,-0.473797
chrX:22052000-22052999,-0.47381
chr3L:19331500-19332499,-0.4739
chr3R:15116500-15117499,-0.473906
chr2R:18409000-18409999,-0.47397
chr2R:3905500-3906499,-0.473971
chr3R:7924500-7925499,-0.473988
chr2L:2633500-2634499,-0.474026
chr3L:2716500-2717499,-0.474064
chr3R:9744500-9745499,-0.474124
chr3R:23942000-23942999,-0.47417
chr3L:10553000-10553999,-0.474181
chr3R:19995500-19996499,-0.474196
chr3R:15527000-15527999,-0.474203
chr2L:1568000-1568999,-0.474204
chrX:4879000-4879999,-0.474265
chr3L:1548500-1549499,-0.474283
chr3L:10100500-10101499,-0.474283
chrX:7448000-7448999,-0.474348
chrX:12154000-12154999,-0.47437
chr2L:14785000-14785999,-0.474443
chr3L:9994000-9994999,-0.474502
chr2L:14271500-14272499,-0.474599
chrX:9614500-9615499,-0.474654
chr3R:18722500-18723499,-0.474662
chr3L:16459500-16460499,-0.474705
chrX:12919000-12919999,-0.47473
chrX:2549500-2550499,-0.474776
chr2R:16418500-16419499,-0.474777
chr2R:1724000-1724999,-0.474802
chr3L:14300000-14300999,-0.474836
chrX:6250500-6251499,-0.474869
chr3L:22360000-22360999,-0.474966
chrX:15136000-15136999,-0.475014
chr2L:11339500-11340499,-0.475016
chr2L:7592500-7593499,-0.475068
chr2L:2623000-2623999,-0.475159
chrUextra:14923000-14923999,-0.475167
chr3R:8913000-8913999,-0.475175
chr3L:18692500-18693499,-0.475232
chr2L:960000-960999,-0.475238
chr2L:16419000-16419999,-0.475253
chr3L:21859500-21860499,-0.475257
chrX:2888500-2889499,-0.475276
chr2L:14620000-14620999,-0.475301
chr2R:2286000-2286999,-0.475318
chrX:5721000-5721999,-0.475323
chrX:10397000-10397999,-0.47546
chr3L:816500-817499,-0.475488
chr3R:13588000-13588999,-0.475509
chr3L:13304000-13304999,-0.475526
chrX:9199000-9199999,-0.475583
chr3L:18973000-18973999,-0.475587
chrX:803500-804499,-0.475597
chr2L:2395500-2396499,-0.475649
chr3L:13178000-13178999,-0.475683
chr3R:19909500-19910499,-0.475719
chrX:14035000-14035999,-0.475746
chr3L:5249000-5249999,-0.475837
chr2R:3052500-3053499,-0.47586
chr3R:22623000-22623999,-0.475882
chr2L:3994500-3995499,-0.47591
chr3L:3388000-3388999,-0.475918
chr2L:3648000-3648999,-0.476027
chr2L:2013500-2014499,-0.476034
chrX:14290000-14290999,-0.476041
chrX:3825000-3825999,-0.476077
chr2L:17248500-17249499,-0.476237
chrX:898500-899499,-0.476256
chr3L:800500-801499,-0.476262
chr3L:8542500-8543499,-0.476292
chr3L:22006000-22006999,-0.476337
chr3R:17825000-17825999,-0.476388
chr2L:17008000-17008999,-0.476425
chrX:17251500-17252499,-0.476464
chr3L:5188500-5189499,-0.476465
chr3R:1329500-1330499,-0.47648
chr3R:9697500-9698499,-0.476486
chr3R:17065000-17065999,-0.476767
chr3R:13924000-13924999,-0.476839
chr3R:1774000-1774999,-0.476884
chr2L:5761000-5761999,-0.476894
chrUextra:4724000-4724999,-0.476916
chrX:16150500-16151499,-0.476921
chrX:6932000-6932999,-0.477029
chr3L:2546000-2546999,-0.477114
chr2L:9604500-9605499,-0.477158
chr3R:27508500-27509499,-0.477218
chrX:20184500-20185499,-0.477253
chr2L:1908500-1909499,-0.477267
chr3R:13789500-13790499,-0.477316
chr3R:5114000-5114999,-0.477343
chr3R:12949000-12949999,-0.477385
chrX:7158500-7159499,-0.477403
chr3R:740500-741499,-0.477415
chr3L:11400500-11401499,-0.477416
chrX:4636500-4637499,-0.477483
chr2L:19547500-19548499,-0.477518
chr3L:15001500-15002499,-0.477544
chr2L:20821500-20822499,-0.477565
chr3R:21644500-21645499,-0.477566
chr3L:16204500-16205499,-0.477618
chr3L:13157000-13157999,-0.477781
chrX:13352000-13352999,-0.47782
chr3L:12072000-12072999,-0.477928
chr3L:7569000-7569999,-0.477973
chrX:16147000-16147999,-0.477981
chrX:2993000-2993999,-0.478004
chr2L:16226500-16227499,-0.478012
chrX:6238500-6239499,-0.478076
chr3L:21109500-21110499,-0.47813
chr2L:17779500-17780499,-0.478196
chr2L:13100000-13100999,-0.478198
chr2L:6314500-6315499,-0.478234
chr3R:1087500-1088499,-0.478267
chrU:8063000-8063999,-0.478293
chr3L:6759000-6759999,-0.478321
chr3L:15483000-15483999,-0.478329
chr3L:5685000-5685999,-0.478488
chr3R:20395500-20396499,-0.478496
chr3R:15346500-15347499,-0.47857
chr2L:845000-845999,-0.478596
chr2R:2485500-2486499,-0.478835
chr3R:14460500-14461499,-0.478868
chr2L:15712000-15712999,-0.478877
chr2L:15677000-15677999,-0.478877
chr2R:14451500-14452499,-0.47892
chr3L:18308000-18308999,-0.478984
chr3R:20292000-20292999,-0.478986
chr2L:20695000-20695999,-0.478987
chr3L:768000-768999,-0.478994
chr2L:18572500-18573499,-0.479014
chr2L:1068500-1069499,-0.479068
chr3L:13855500-13856499,-0.479072
chr3L:12031000-12031999,-0.479146
chrX:12092500-12093499,-0.479288
chr2L:16272500-16273499,-0.479314
chr2L:13936000-13936999,-0.479398
chr3R:4293500-4294499,-0.47942
chrX:13752500-13753499,-0.479471
chr3R:15566000-15566999,-0.479499
chrX:13522000-13522999,-0.479541
chr3R:11484500-11485499,-0.479545
chr3L:15775500-15776499,-0.479586
chr2R:17357000-17357999,-0.479617
chr3R:27904000-27904999,-0.479646
chr3R:21642500-21643499,-0.479677
chr3L:9640500-9641499,-0.4797
chr2R:3951500-3952499,-0.47972
chr3L:10333500-10334499,-0.479722
chr3L:5192000-5192999,-0.479893
chr3R:6509500-6510499,-0.479896
chr3L:39500-40499,-0.479936
chr2L:679500-680499,-0.479953
chrX:14921500-14922499,-0.479964
chrX:12392000-12392999,-0.479971
chrUextra:22645000-22645999,-0.480068
chr3R:22573500-22574499,-0.480103
chrX:11388500-11389499,-0.48018
chr3L:17646000-17646999,-0.480216
chr2R:13204000-13204999,-0.480234
chrX:12437500-12438499,-0.480235
chr2L:20045000-20045999,-0.480337
chr3R:19131000-19131999,-0.480372
chr2L:8631500-8632499,-0.480434
chr2R:11138000-11138999,-0.480547
chr3R:3813500-3814499,-0.480554
chrX:4273000-4273999,-0.480636
chr3R:12347000-12347999,-0.480662
chr2R:14101500-14102499,-0.480681
chr2R:11385500-11386499,-0.480749
chr3R:13388000-13388999,-0.480774
chr2L:13865000-13865999,-0.480924
chrX:6302000-6302999,-0.481047
chr2L:3435000-3435999,-0.481068
chr3L:2320500-2321499,-0.481143
chr2R:21109500-21110499,-0.481159
chr2R:20891000-20891999,-0.48118
chr3R:7755500-7756499,-0.481181
chrX:7325500-7326499,-0.481248
chrX:21310500-21311499,-0.481348
chrX:10215500-10216499,-0.481407
chr2L:4012500-4013499,-0.481474
chr2L:3975500-3976499,-0.481664
chr3L:10842000-10842999,-0.481671
chr2R:8125000-8125999,-0.481687
chr2L:12474500-12475499,-0.481745
chr2L:19630000-19630999,-0.481776
chr3L:15532500-15533499,-0.481809
chr2R:4709500-4710499,-0.481851
chr2L:1771000-1771999,-0.481925
chr2L:17909000-17909999,-0.481961
chr3R:7073500-7074499,-0.481972
chrX:5784000-5784999,-0.481983
chr3L:8538500-8539499,-0.482024
chrX:8349000-8349999,-0.482041
chr3L:5958500-5959499,-0.482183
chr2L:8033000-8033999,-0.482294
chr3L:15751000-15751999,-0.482303
chr3R:12740000-12740999,-0.482312
chr2R:16319500-16320499,-0.482371
chr3L:16634000-16634999,-0.482383
chr3R:710500-711499,-0.482434
chr3L:7955000-7955999,-0.482496
chrX:15702500-15703499,-0.482623
chr2L:12905000-12905999,-0.482625
chr2L:7952000-7952999,-0.482954
chr3R:24675500-24676499,-0.483033
chr3L:8029500-8030499,-0.483077
chr3L:10840000-10840999,-0.483094
chr2R:13517000-13517999,-0.483114
chr2R:10302000-10302999,-0.483132
chr2R:13597500-13598499,-0.483151
chr3L:14836500-14837499,-0.483194
chr2R:13156000-13156999,-0.483359
chr3L:17437000-17437999,-0.48337
chr2R:8589000-8589999,-0.483392
chrX:10401000-10401999,-0.48341
chr2R:20572500-20573499,-0.483505
chrX:17200000-17200999,-0.483607
chr3L:727500-728499,-0.483675
chr3R:6890000-6890999,-0.483744
chr3R:25201500-25202499,-0.483755
chr3L:21866000-21866999,-0.483786
chr2L:20984500-20985499,-0.483804
chr3R:2856500-2857499,-0.483835
chr3R:16291500-16292499,-0.483856
chr4:1029500-1030499,-0.483862
chrX:4090500-4091499,-0.484022
chrX:14552000-14552999,-0.484058
chr2R:13173000-13173999,-0.484074
chrX:7467500-7468499,-0.484096
chr3R:21901000-21901999,-0.48411
chr3R:1823000-1823999,-0.484437
chr3R:20433500-20434499,-0.484595
chr3L:18699000-18699999,-0.484601
chr2R:14147500-14148499,-0.484667
chr3L:8811500-8812499,-0.484682
chr3L:18385500-18386499,-0.484726
chr2R:7625000-7625999,-0.484809
chr2L:17446500-17447499,-0.4849
chr3R:2747000-2747999,-0.484922
chrX:15328000-15328999,-0.484923
chr3R:27701000-27701999,-0.484963
chr3R:17920000-17920999,-0.484987
chrX:4237000-4237999,-0.485026
chrX:8247000-8247999,-0.485077
chr3L:5274000-5274999,-0.48509
chr2L:6643000-6643999,-0.485094
chrX:6877500-6878499,-0.485096
chr2L:5297000-5297999,-0.485147
chr3L:16010500-16011499,-0.485309
chrX:21012000-21012999,-0.485315
chr3R:487500-488499,-0.485317
chrX:2753500-2754499,-0.485336
chr2L:13568500-13569499,-0.485359
chr2L:12475000-12475999,-0.485401
chr2L:11318500-11319499,-0.485415
chr2L:599500-600499,-0.485503
chr2R:5521000-5521999,-0.485519
chr3L:18804500-18805499,-0.48561
chr3R:16255500-16256499,-0.485627
chrX:10258500-10259499,-0.485665
chr3R:5360000-5360999,-0.485684
chr3R:4950000-4950999,-0.485725
chr3R:13000000-13000999,-0.485732
chr2R:10714000-10714999,-0.485739
chr3L:3418500-3419499,-0.485758
chr3L:16421000-16421999,-0.485788
chr3R:919500-920499,-0.485796
chrX:2216500-2217499,-0.48581
chrX:22097000-22097999,-0.485844
chr2L:15153500-15154499,-0.485929
chrX:9561500-9562499,-0.48593
chrX:21879500-21880499,-0.485945
chr2R:18426000-18426999,-0.48597
chr2L:18554500-18555499,-0.486049
chr3R:19897000-19897999,-0.486053
chr2L:14295000-14295999,-0.486116
chr3R:25195000-25195999,-0.48624
chr2L:6186000-6186999,-0.486246
chr3R:1249000-1249999,-0.486304
chr2L:12249000-12249999,-0.486326
chr3L:1369000-1369999,-0.486337
chr3L:1045000-1045999,-0.48635
chr2R:15174500-15175499,-0.486419
chrX:3527500-3528499,-0.486446
chrX:10475500-10476499,-0.486497
chr3L:14594500-14595499,-0.486507
chr3R:14878500-14879499,-0.486556
chr2R:12361000-12361999,-0.486577
chr2R:13514500-13515499,-0.486678
chr2R:14224000-14224999,-0.486732
chr3L:14485000-14485999,-0.486761
chr3R:21826500-21827499,-0.486781
chr3R:11573000-11573999,-0.486795
chr3R:884000-884999,-0.486799
chr2L:7290500-7291499,-0.486811
chr3L:14686500-14687499,-0.486822
chr2R:5256500-5257499,-0.486838
chrX:4346000-4346999,-0.486893
chr2R:4875000-4875999,-0.48693
chr2R:17912000-17912999,-0.486959
chr2L:2909000-2909999,-0.486987
chr3R:7221000-7221999,-0.487037
chrX:5040500-5041499,-0.487053
chr2R:13230000-13230999,-0.487062
chr2R:8414500-8415499,-0.487094
chr2L:18291500-18292499,-0.487099
chrX:20086000-20086999,-0.48718
chr3L:19029000-19029999,-0.487195
chrU:4014500-4015499,-0.487253
chr3R:12643500-12644499,-0.487357
chrX:3011500-3012499,-0.487432
chr2L:1479000-1479999,-0.487441
chr2R:3112000-3112999,-0.487475
chr3L:10293000-10293999,-0.48758
chr3R:3957000-3957999,-0.487584
chrX:9917000-9917999,-0.487634
chr3R:6862000-6862999,-0.487662
chrX:9352000-9352999,-0.487855
chr3L:4016000-4016999,-0.487872
chr3L:11307500-11308499,-0.487918
chr3L:10841500-10842499,-0.487985
chr3L:13287000-13287999,-0.487994
chr3LHet:1323500-1324499,-0.488021
chrX:11654000-11654999,-0.4881
chr3L:12572000-12572999,-0.488145
chr3R:12058000-12058999,-0.488288
chrX:18523500-18524499,-0.488298
chr2L:3343000-3343999,-0.488301
chrX:2694500-2695499,-0.488329
chr2R:11615500-11616499,-0.488337
chrX:4856500-4857499,-0.488345
chr3R:26356500-26357499,-0.48836
chrX:6884000-6884999,-0.488367
chrX:18616000-18616999,-0.488371
chr3R:26820500-26821499,-0.488372
chr3L:14335500-14336499,-0.488407
chr3R:22131000-22131999,-0.488461
chr2L:16534000-16534999,-0.488465
chr3L:14348500-14349499,-0.488504
chr2R:15308500-15309499,-0.488555
chr3L:10031000-10031999,-0.488609
chr2R:6152500-6153499,-0.488668
chr3L:15197000-15197999,-0.488692
chr2R:6481500-6482499,-0.488708
chr3R:19658500-19659499,-0.488757
chr3R:9698000-9698999,-0.488799
chr2L:5868000-5868999,-0.488801
chr2R:4736000-4736999,-0.488907
chr2R:2882500-2883499,-0.488951
chr3R:6105000-6105999,-0.488958
chr3R:4410000-4410999,-0.489025
chr3R:26567000-26567999,-0.489027
chr2R:7159500-7160499,-0.489034
chr3R:23984500-23985499,-0.489069
chr2L:9049000-9049999,-0.489092
chrX:13970500-13971499,-0.489096
chr3L:20640500-20641499,-0.489163
chr3R:434500-435499,-0.489168
chr3L:17928500-17929499,-0.48917
chrX:10697500-10698499,-0.489182
chrX:11182500-11183499,-0.489204
chr3L:5615000-5615999,-0.489352
chrX:1842000-1842999,-0.489426
chr3R:6377500-6378499,-0.489446
chr2L:16536500-16537499,-0.48956
chr2L:20878000-20878999,-0.48959
chr3R:26195000-26195999,-0.489655
chr3R:7126500-7127499,-0.489709
chrX:6051500-6052499,-0.489727
chrX:7100500-7101499,-0.489789
chr3L:12707500-12708499,-0.489831
chr3R:6777500-6778499,-0.489858
chr2L:10750500-10751499,-0.48987
chrX:8834500-8835499,-0.489879
chr2L:11952000-11952999,-0.489892
chrX:15199000-15199999,-0.489948
chrX:11402000-11402999,-0.490127
chr2L:17358000-17358999,-0.490222
chr2R:17380000-17380999,-0.490248
chr3L:19662000-19662999,-0.490312
chrX:13247500-13248499,-0.490341
chr3R:26716500-26717499,-0.490396
chr2R:1894500-1895499,-0.490398
chrX:1027000-1027999,-0.490458
chr2L:6188000-6188999,-0.490487
chr3R:6202000-6202999,-0.490503
chr2L:799000-799999,-0.490553
chr3L:19724500-19725499,-0.490572
chr3L:21803000-21803999,-0.490587
chr3R:10804000-10804999,-0.490652
chr2L:19200000-19200999,-0.49067
chrX:5726000-5726999,-0.490725
chrX:8172500-8173499,-0.49074
chrX:17416000-17416999,-0.49074
chr2L:17339000-17339999,-0.490755
chr3L:14596000-14596999,-0.490812
chr3L:6553000-6553999,-0.490881
chrX:10948000-10948999,-0.490885
chr2L:14395500-14396499,-0.490972
chr3R:18999500-19000499,-0.490996
chr2R:2392000-2392999,-0.491053
chrU:2073500-2074499,-0.491063
chrX:1625500-1626499,-0.491131
chr2L:21015500-21016499,-0.491171
chr2R:7457500-7458499,-0.491174
chrX:22148000-22148999,-0.491289
chr2R:7398500-7399499,-0.491292
chr2R:15877000-15877999,-0.491292
chr3L:12347000-12347999,-0.491593
chr3L:19319500-19320499,-0.491607
chr2L:19631000-19631999,-0.491634
chrX:5829500-5830499,-0.491642
chr3R:6434500-6435499,-0.491642
chr3L:4530000-4530999,-0.491707
chrX:17367000-17367999,-0.491819
chr3R:8980000-8980999,-0.49188
chr3R:1109500-1110499,-0.491932
chr3R:22268500-22269499,-0.491951
chr3L:3708500-3709499,-0.491987
chr3R:11483500-11484499,-0.492191
chr2R:13867500-13868499,-0.492287
chr3R:806000-806999,-0.49229
chr2L:10098500-10099499,-0.492332
chr2L:4047000-4047999,-0.492378
chr3L:17493000-17493999,-0.492385
chr3L:5993000-5993999,-0.492401
chr3L:10321500-10322499,-0.49249
chr2R:8475000-8475999,-0.492506
chr3L:13259000-13259999,-0.492561
chr3R:23880500-23881499,-0.492595
chrX:3042500-3043499,-0.492646
chrX:9440500-9441499,-0.492648
chrUextra:107500-108499,-0.492667
chr3R:15358000-15358999,-0.492674
chr3R:26578000-26578999,-0.492713
chrX:14472000-14472999,-0.49272
chr3R:17391000-17391999,-0.492723
chr2R:10599000-10599999,-0.492768
chr3L:7056500-7057499,-0.492772
chr2L:6268000-6268999,-0.492904
chr2L:17121000-17121999,-0.493052
chr2L:20944000-20944999,-0.49318
chr3R:26168500-26169499,-0.493197
chr2L:19272500-19273499,-0.49323
chrX:13969500-13970499,-0.493312
chrX:8935000-8935999,-0.493389
chrX:6814000-6814999,-0.493399
chr3L:21993500-21994499,-0.493464
chr2L:3012500-3013499,-0.493489
chrX:2732000-2732999,-0.493533
chr3L:7102500-7103499,-0.493582
chr3R:19490500-19491499,-0.493724
chr3R:12063000-12063999,-0.493796
chrX:21324500-21325499,-0.493819
chr2L:9155000-9155999,-0.493823
chr3L:19154500-19155499,-0.493838
chr3L:4624000-4624999,-0.493877
chrX:1841500-1842499,-0.493899
chrX:18425500-18426499,-0.493922
chr3R:25529000-25529999,-0.493964
chrX:17539500-17540499,-0.493979
chr3R:14766000-14766999,-0.49402
chrX:19308500-19309499,-0.494181
chr3L:19063500-19064499,-0.494252
chrX:16769500-16770499,-0.494296
chr3L:20872500-20873499,-0.494351
chrX:4382000-4382999,-0.494407
chr3R:17772000-17772999,-0.494409
chr3R:27001500-27002499,-0.494431
chrX:10590000-10590999,-0.494441
chr2LHet:9500-10499,-0.494448
chr3R:15928500-15929499,-0.494488
chrX:7649500-7650499,-0.494514
chrX:18435500-18436499,-0.494541
chr3R:15612000-15612999,-0.494597
chrX:8926500-8927499,-0.494649
chrX:4945500-4946499,-0.494663
chr2L:12195500-12196499,-0.494829
chr3L:12297000-12297999,-0.49489
chrX:5780500-5781499,-0.494996
chr2R:8613500-8614499,-0.495012
chrX:8753500-8754499,-0.495041
chr3R:6404500-6405499,-0.495058
chr3L:10717500-10718499,-0.495066
chrX:13791000-13791999,-0.495119
chr3L:3765000-3765999,-0.495121
chr2R:8163500-8164499,-0.495178
chrX:13285000-13285999,-0.495189
chrX:2941500-2942499,-0.495273
chrX:20607000-20607999,-0.495333
chr3R:27271000-27271999,-0.495428
chrX:21298500-21299499,-0.495487
chr3L:14446000-14446999,-0.495586
chr3R:2787000-2787999,-0.495608
chrX:9791500-9792499,-0.495731
chr3L:12705500-12706499,-0.495752
chr3L:19187500-19188499,-0.495754
chr3R:19128500-19129499,-0.495803
chr3L:13289000-13289999,-0.495814
chr2R:8344000-8344999,-0.495848
chr3R:21528000-21528999,-0.495962
chrX:6644000-6644999,-0.495965
chr2L:12079500-12080499,-0.496093
chr2R:6957000-6957999,-0.496198
chr2R:3647000-3647999,-0.496202
chrUextra:28059000-28059999,-0.496244
chrX:17359500-17360499,-0.496269
chr2L:3897500-3898499,-0.496278
chr3R:22973500-22974499,-0.496281
chrX:6042000-6042999,-0.496464
chr2R:4272000-4272999,-0.496522
chr3R:25165000-25165999,-0.496619
chr2L:16499500-16500499,-0.496723
chr3R:27638500-27639499,-0.49677
chr2L:9785500-9786499,-0.496797
chr3L:22390000-22390999,-0.496803
chr2R:13963000-13963999,-0.496805
chr2L:15365500-15366499,-0.49691
chr2R:14873000-14873999,-0.496912
chr3L:922000-922999,-0.496919
chr2L:2908500-2909499,-0.496947
chr2L:19405500-19406499,-0.496947
chr3L:9286500-9287499,-0.496969
chr3R:27724000-27724999,-0.497059
chrX:11085000-11085999,-0.497104
chrX:6444000-6444999,-0.497147
chrX:4304000-4304999,-0.497166
chr3R:20902500-20903499,-0.497196
chrX:3553000-3553999,-0.497206
chrXHet:17000-17999,-0.497253
chrX:9245500-9246499,-0.49727
chr3L:19501000-19501999,-0.497318
chr3L:6829000-6829999,-0.497326
chrX:8151000-8151999,-0.49744
chr3L:609000-609999,-0.497469
chr3R:19068500-19069499,-0.4975
chr3R:22107500-22108499,-0.497556
chrX:8668000-8668999,-0.497572
chr3R:23421500-23422499,-0.49758
chrUextra:3453500-3454499,-0.497626
chr2R:17420000-17420999,-0.497638
chrX:1905000-1905999,-0.497678
chr3R:7524000-7524999,-0.497988
chrX:5101500-5102499,-0.498081
chr2L:17534500-17535499,-0.498131
chrUextra:21096500-21097499,-0.498163
chr2R:10598500-10599499,-0.498178
chrX:8955000-8955999,-0.498247
chr2L:8638500-8639499,-0.498259
chrUextra:156500-157499,-0.498268
chr3R:10285000-10285999,-0.498309
chr3L:14313500-14314499,-0.49836
chr3R:19495500-19496499,-0.498491
chr2R:14963500-14964499,-0.498533
chr3R:5000-5999,-0.498575
chrX:7134500-7135499,-0.498576
chrX:17661000-17661999,-0.498578
chrX:9509000-9509999,-0.498609
chr3L:6631000-6631999,-0.498618
chr2L:17723500-17724499,-0.498676
chr3L:23175000-23175999,-0.498719
chr2L:9285000-9285999,-0.498756
chr2RHet:2357000-2357999,-0.498831
chr2L:18173000-18173999,-0.498935
chr3R:11260000-11260999,-0.498963
chr3R:10803500-10804499,-0.49903
chr3R:17340000-17340999,-0.499032
chr2L:2349000-2349999,-0.499094
chrX:6394000-6394999,-0.499181
chr2R:6693500-6694499,-0.499206
chr2R:2689500-2690499,-0.499251
chr2L:18332500-18333499,-0.499293
chr3R:22621000-22621999,-0.499312
chrX:18997500-18998499,-0.499367
chr2R:17589000-17589999,-0.499394
chr3L:15322000-15322999,-0.4994
chr3R:14662000-14662999,-0.49941
chr3R:6740500-6741499,-0.499415
chrX:99500-100499,-0.499439
chrX:9608000-9608999,-0.499446
chrX:11131000-11131999,-0.499514
chr4:124000-124999,-0.499531
chr2R:16183500-16184499,-0.49954
chr2L:12467500-12468499,-0.499592
chrX:11397500-11398499,-0.499617
chr2R:13146500-13147499,-0.499622
chr3R:2177500-2178499,-0.499648
chr3L:10314500-10315499,-0.499657
chrX:13878500-13879499,-0.499673
chr3R:2937500-2938499,-0.499749
chr3R:20637500-20638499,-0.499752
chr2R:14900000-14900999,-0.499759
chr2R:19459500-19460499,-0.499858
chr2L:9223000-9223999,-0.499966
chrX:5018500-5019499,-0.499994
chr2L:1989000-1989999,-0.500024
chrX:14639500-14640499,-0.500028
chr3LHet:1428500-1429499,-0.500038
chr2L:6694000-6694999,-0.500081
chr3R:10319000-10319999,-0.500112
chr2R:6694000-6694999,-0.500116
chr2L:5287000-5287999,-0.500199
chr3R:6735500-6736499,-0.500203
chr2L:2623500-2624499,-0.500212
chr3L:14382000-14382999,-0.50024
chr2R:14775000-14775999,-0.500244
chrX:7152000-7152999,-0.500341
chr2L:19197500-19198499,-0.500385
chrX:2465500-2466499,-0.500414
chrX:12239000-12239999,-0.500415
chr3R:15895000-15895999,-0.500418
chr2L:9582000-9582999,-0.500451
chr3L:5978000-5978999,-0.500453
chr3L:12188500-12189499,-0.500642
chrUextra:7146500-7147499,-0.50068
chr3R:4402000-4402999,-0.500769
chr3R:5005000-5005999,-0.5008
chr3L:6910000-6910999,-0.500834
chr2R:4647500-4648499,-0.500849
chr3R:14970000-14970999,-0.500896
chr2R:8474500-8475499,-0.500959
chr2R:7418000-7418999,-0.501066
chr3R:18475500-18476499,-0.50107
chr2R:12875500-12876499,-0.501074
chr2R:16519500-16520499,-0.501185
chr3R:15893000-15893999,-0.50122
chr3L:6110500-6111499,-0.501227
chr3L:13260000-13260999,-0.501356
chr2R:16536000-16536999,-0.501389
chr3L:2821000-2821999,-0.501395
chrX:12855500-12856499,-0.501441
chr3R:2869000-2869999,-0.501477
chr3L:11371500-11372499,-0.501533
chr3L:19410000-19410999,-0.501544
chr2L:7292500-7293499,-0.501594
chr3L:21287500-21288499,-0.501663
chrUextra:7146000-7146999,-0.50167
chr2R:12395000-12395999,-0.501793
chr2L:3197500-3198499,-0.501816
chrX:5909000-5909999,-0.501818
chr2L:17809500-17810499,-0.501864
chrUextra:266500-267499,-0.50189
chr3L:6763500-6764499,-0.501953
chr2L:13706000-13706999,-0.501993
chr2L:15379500-15380499,-0.502002
chr3R:15120000-15120999,-0.50204
chr3R:12035500-12036499,-0.502131
chr3L:20681000-20681999,-0.502173
chr2R:10896500-10897499,-0.502205
chrX:11437500-11438499,-0.50222
chr2R:11543500-11544499,-0.502228
chr3R:2526000-2526999,-0.502235
chr3R:21889500-21890499,-0.502311
chr3L:19164000-19164999,-0.502319
chrX:18797000-18797999,-0.502325
chr2L:9145500-9146499,-0.502379
chr2L:5513500-5514499,-0.502437
chr3L:7852500-7853499,-0.502439
chrX:15510500-15511499,-0.502731
chr2L:17618000-17618999,-0.502782
chr3L:18541000-18541999,-0.502861
chr3R:2639000-2639999,-0.502889
chr2R:18331000-18331999,-0.502899
chr3R:18627500-18628499,-0.502945
chrX:8887500-8888499,-0.502958
chr2L:502000-502999,-0.502984
chrX:1596000-1596999,-0.502995
chr3R:8407500-8408499,-0.503001
chr3L:7209000-7209999,-0.503003
chrX:17311000-17311999,-0.503028
chrX:14339500-14340499,-0.503071
chr2L:12415500-12416499,-0.503124
chr3R:25123500-25124499,-0.503222
chrX:9510500-9511499,-0.503303
chr2L:19622500-19623499,-0.503317
chr3R:26964500-26965499,-0.503341
chr3L:10742500-10743499,-0.503353
chr2R:15751500-15752499,-0.503415
chr3R:12388500-12389499,-0.503493
chr3L:2716000-2716999,-0.503519
chrX:12710000-12710999,-0.503589
chr2L:18003000-18003999,-0.50359
chrX:1378500-1379499,-0.503621
chrX:19806500-19807499,-0.50365
chrX:16892500-16893499,-0.503665
chr2L:3120000-3120999,-0.503759
chr2R:6991000-6991999,-0.503836
chr2R:17781000-17781999,-0.503911
chr3L:17461000-17461999,-0.503975
chr2L:21187000-21187999,-0.503977
chr3L:5278000-5278999,-0.504012
chr3L:14545000-14545999,-0.504093
chr2L:20800500-20801499,-0.504113
chr3R:25517000-25517999,-0.504117
chr3R:4585000-4585999,-0.504136
chr3R:12773000-12773999,-0.504267
chr2L:20600000-20600999,-0.504292
chr3R:4196000-4196999,-0.5043
chrX:5273500-5274499,-0.504303
chr3L:1059000-1059999,-0.50435
chr3L:11490500-11491499,-0.504365
chr2L:8164500-8165499,-0.504381
chr2R:6961500-6962499,-0.504394
chrX:3872000-3872999,-0.504437
chr2L:14880000-14880999,-0.504501
chr3R:25108000-25108999,-0.504508
chr3L:8680500-8681499,-0.504697
chr3R:10001500-10002499,-0.504741
chr3R:12075500-12076499,-0.504747
chr3L:10980500-10981499,-0.504763
chr3L:22312000-22312999,-0.504942
chr2L:4137500-4138499,-0.504956
chr3R:14833000-14833999,-0.505106
chr3L:3636500-3637499,-0.505111
chr3L:2003500-2004499,-0.505152
chr3R:19299000-19299999,-0.505201
chr3R:22685500-22686499,-0.505209
chr3R:15900000-15900999,-0.50521
chr3L:21394500-21395499,-0.505217
chr3R:1707500-1708499,-0.505221
chrX:6098500-6099499,-0.50523
chrUextra:19350500-19351499,-0.50523
chrUextra:25223500-25224499,-0.505348
chrX:9236500-9237499,-0.505363
chr3R:14711500-14712499,-0.505503
chrX:8691500-8692499,-0.505509
chrX:12246500-12247499,-0.505521
chr2R:10305500-10306499,-0.505526
chr3R:24608000-24608999,-0.50557
chr3R:10751000-10751999,-0.505595
chrUextra:19552500-19553499,-0.505627
chr2L:5443500-5444499,-0.505643
chr2R:16106500-16107499,-0.505773
chr3R:19910000-19910999,-0.505844
chr3L:16689500-16690499,-0.505866
chrX:6060500-6061499,-0.505931
chr2L:4615000-4615999,-0.505957
chr3L:19279500-19280499,-0.506069
chr3R:4703500-4704499,-0.506195
chr2L:17787000-17787999,-0.506195
chr3L:18326500-18327499,-0.506334
chr3R:19150500-19151499,-0.506363
chr3L:14687000-14687999,-0.506374
chrX:5967500-5968499,-0.506388
chr2R:2473000-2473999,-0.506467
chr3L:4921000-4921999,-0.506509
chr3L:15082000-15082999,-0.506524
chr2L:7201500-7202499,-0.506543
chr3L:11382000-11382999,-0.506605
chr3R:7168500-7169499,-0.506705
chr3L:12823500-12824499,-0.506731
chr3R:6350500-6351499,-0.506787
chr3LHet:999500-1000499,-0.506803
chr2L:21249500-21250499,-0.506811
chrX:1313500-1314499,-0.506894
chr2R:20743500-20744499,-0.506947
chr3R:15567000-15567999,-0.506948
chr2L:5742000-5742999,-0.506984
chr2L:9064500-9065499,-0.50699
chr3R:18131000-18131999,-0.506998
chr2R:6231500-6232499,-0.507043
chr3R:7602000-7602999,-0.507076
chr2L:2702000-2702999,-0.507079
chr3L:18477500-18478499,-0.507106
chrX:3585500-3586499,-0.507154
chr2L:7586500-7587499,-0.507191
chr3R:4963000-4963999,-0.507207
chr3R:2440500-2441499,-0.50723
chr3L:9414000-9414999,-0.50726
chrX:9557500-9558499,-0.507271
chr3L:12714500-12715499,-0.507354
chr2R:17766500-17767499,-0.507406
chr2L:5227500-5228499,-0.50741
chr2L:20531500-20532499,-0.507411
chrX:7867500-7868499,-0.507525
chrX:8620000-8620999,-0.507541
chrX:10356000-10356999,-0.507555
chrUextra:19274000-19274999,-0.507582
chrX:14627500-14628499,-0.507642
chrX:20430000-20430999,-0.507649
chr3R:9732500-9733499,-0.507674
chr2R:17022500-17023499,-0.507741
chrX:21248000-21248999,-0.507747
chr2R:12148500-12149499,-0.507757
chrX:10617000-10617999,-0.507766
chr2R:9427000-9427999,-0.507776
chr3L:5376000-5376999,-0.507801
chrX:3242000-3242999,-0.507846
chr3R:10837000-10837999,-0.507867
chrX:4147000-4147999,-0.508029
chrX:17286500-17287499,-0.508033
chrX:15054500-15055499,-0.508074
chr2R:16277500-16278499,-0.508141
chr2L:19075000-19075999,-0.50817
chr2R:9935000-9935999,-0.508215
chr2L:795500-796499,-0.508233
chr2R:11954500-11955499,-0.50828
chrX:6789500-6790499,-0.508331
chr2L:3904000-3904999,-0.508357
chr2L:6186500-6187499,-0.508364
chr2L:22313000-22313999,-0.508401
chr2R:8299500-8300499,-0.508407
chr2R:16139000-16139999,-0.508454
chr3L:13137000-13137999,-0.508459
chrX:21386000-21386999,-0.508464
chr3L:3089000-3089999,-0.50848
chr2L:11769500-11770499,-0.508584
chr3R:2229000-2229999,-0.508595
chr2L:7139000-7139999,-0.508603
chr3R:4753000-4753999,-0.508662
chr2L:10559500-10560499,-0.508715
chrX:4117500-4118499,-0.508777
chr2R:20436000-20436999,-0.508791
chr3L:4352500-4353499,-0.50884
chr3R:5046000-5046999,-0.508855
chrX:19222000-19222999,-0.50893
chr2R:8777500-8778499,-0.508937
chr2R:2246000-2246999,-0.508972
chr3R:8065000-8065999,-0.50904
chrX:14259000-14259999,-0.509064
chr3R:9779500-9780499,-0.509083
chrX:5169000-5169999,-0.509122
chr3R:2493500-2494499,-0.509145
chr2L:1304000-1304999,-0.509236
chrX:17632000-17632999,-0.509254
chr3R:17431000-17431999,-0.509277
chr3R:15343000-15343999,-0.509392
chr2R:14899000-14899999,-0.509418
chr3L:4017500-4018499,-0.509511
chr2L:4585000-4585999,-0.509546
chr3R:15651500-15652499,-0.509549
chr2L:16982000-16982999,-0.509591
chr2L:18746500-18747499,-0.509601
chrX:4334500-4335499,-0.509635
chr2R:18796500-18797499,-0.509642
chr2R:15085500-15086499,-0.509651
chrX:18568000-18568999,-0.50969
chr3L:24098000-24098999,-0.509708
chr2L:4231000-4231999,-0.509754
chr3L:23596000-23596999,-0.509763
chr3L:15236500-15237499,-0.509769
chrX:985500-986499,-0.5098
chr2R:4195000-4195999,-0.509865
chrUextra:4371000-4371999,-0.509868
chr3R:4857500-4858499,-0.50987
chr2R:6482000-6482999,-0.510001
chr2R:5870000-5870999,-0.51002
chr2L:13501000-13501999,-0.510218
chr2R:15934000-15934999,-0.510232
chrX:19958500-19959499,-0.510301
chr3R:16182000-16182999,-0.510357
chr3R:19964500-19965499,-0.51039
chr2L:14038500-14039499,-0.510447
chr2L:13698500-13699499,-0.510495
chr3R:21770000-21770999,-0.510496
chr2R:17376500-17377499,-0.510546
chr3R:7587500-7588499,-0.510682
chr2R:6636000-6636999,-0.510698
chr3R:20800500-20801499,-0.510791
chr3L:15868500-15869499,-0.510833
chrX:20524500-20525499,-0.510868
chr3L:8563000-8563999,-0.510877
chr3R:23051000-23051999,-0.510902
chrX:4407500-4408499,-0.511082
chr3L:6661000-6661999,-0.51115
chr3R:9266000-9266999,-0.511153
chr2L:11580500-11581499,-0.511204
chr3L:3244500-3245499,-0.511206
chrX:7124500-7125499,-0.511207
chr2L:7944500-7945499,-0.511239
chr3L:16434000-16434999,-0.511324
chr2L:5231500-5232499,-0.511325
chr3L:16689000-16689999,-0.511407
chrX:14818500-14819499,-0.511426
chr2L:13646000-13646999,-0.511456
chr2L:20004500-20005499,-0.51147
chr3R:8839000-8839999,-0.511592
chr2L:6771000-6771999,-0.51163
chrX:14539000-14539999,-0.511631
chr3L:8432000-8432999,-0.511639
chr3L:3021000-3021999,-0.511663
chr2R:13833500-13834499,-0.511694
chr2R:11116500-11117499,-0.511726
chr3L:4633000-4633999,-0.511731
chrX:8970000-8970999,-0.511759
chr2R:10689500-10690499,-0.511786
chr3L:13106000-13106999,-0.511867
chr3L:2817500-2818499,-0.511898
chr3L:8034000-8034999,-0.51192
chrX:8717500-8718499,-0.511928
chr2L:18144000-18144999,-0.511959
chr3L:8068500-8069499,-0.51203
chr3L:6513000-6513999,-0.512054
chr3L:12618000-12618999,-0.512138
chrX:4129000-4129999,-0.512187
chrX:17294000-17294999,-0.512191
chr2RHet:3016000-3016999,-0.512194
chr3L:1059500-1060499,-0.512222
chr3R:24106000-24106999,-0.51228
chr3R:4401500-4402499,-0.512402
chrX:7386000-7386999,-0.512491
chr3L:22761000-22761999,-0.512514
chr2L:2938000-2938999,-0.512545
chrX:18479000-18479999,-0.512551
chrX:12114000-12114999,-0.512604
chr2L:9228000-9228999,-0.512618
chr3L:10343000-10343999,-0.512733
chr2L:9222500-9223499,-0.512799
chr2R:8363500-8364499,-0.5128
chr3L:22450500-22451499,-0.512842
chr2L:9029000-9029999,-0.512844
chr3L:18404000-18404999,-0.512949
chr3R:11946000-11946999,-0.512996
chrX:19825500-19826499,-0.51303
chr3R:4369500-4370499,-0.513033
chr3R:6751000-6751999,-0.513038
chr3R:18027500-18028499,-0.513096
chr3L:17900000-17900999,-0.513215
chr2L:18622500-18623499,-0.513283
chr2L:9668500-9669499,-0.513293
chr2L:12605500-12606499,-0.513361
chr2R:17093500-17094499,-0.513399
chrX:280500-281499,-0.513487
chr3R:23882500-23883499,-0.513517
chr2L:21861500-21862499,-0.513555
chrX:22055000-22055999,-0.513596
chr3L:10854000-10854999,-0.513608
chr3L:948000-948999,-0.513615
chr2L:13757000-13757999,-0.513711
chr3R:6316000-6316999,-0.513776
chr3R:17166000-17166999,-0.513777
chr3L:13255000-13255999,-0.513779
chr3L:7468000-7468999,-0.513781
chr2R:5338500-5339499,-0.513806
chrUextra:25457500-25458499,-0.513886
chr2R:5180500-5181499,-0.513913
chr3R:18929000-18929999,-0.513953
chr3L:7547000-7547999,-0.513953
chr3R:16370000-16370999,-0.514002
chr2L:14967000-14967999,-0.514122
chrX:21452000-21452999,-0.514136
chrX:20638500-20639499,-0.514154
chr3L:10310000-10310999,-0.514226
chr3R:11469500-11470499,-0.514239
chrX:4985000-4985999,-0.514327
chrUextra:24693500-24694499,-0.51442
chr3L:17286000-17286999,-0.514458
chr3R:18757000-18757999,-0.514536
chr3R:10832500-10833499,-0.514549
chrX:17857500-17858499,-0.514612
chr3L:21291500-21292499,-0.514652
chr4:872500-873499,-0.514896
chr3R:6315500-6316499,-0.515011
chr2R:10728000-10728999,-0.51502
chr2L:14243500-14244499,-0.51504
chr2L:8574000-8574999,-0.515075
chr3L:6038500-6039499,-0.51513
chr3L:5234000-5234999,-0.51517
chr3L:13746500-13747499,-0.515232
chr3L:15021500-15022499,-0.515271
chrX:14365000-14365999,-0.515307
chr3L:18387500-18388499,-0.515325
chr2L:713000-713999,-0.51534
chr3L:6623000-6623999,-0.515352
chrX:6803500-6804499,-0.515368
chr3L:22605500-22606499,-0.515384
chr3R:12335500-12336499,-0.515414
chr2L:1687000-1687999,-0.515425
chrX:17252500-17253499,-0.515569
chr2R:4710000-4710999,-0.515574
chr3R:8888500-8889499,-0.515614
chr3L:5319500-5320499,-0.515684
chr3L:18926500-18927499,-0.515717
chr2L:18172500-18173499,-0.515757
chr3L:22023500-22024499,-0.5158
chr2L:11473500-11474499,-0.515805
chr3L:10153500-10154499,-0.515815
chrX:2885000-2885999,-0.515819
chr2R:2267500-2268499,-0.51586
chr2R:11322500-11323499,-0.515904
chr2L:15307000-15307999,-0.515928
chr3L:4607000-4607999,-0.515974
chrX:19908500-19909499,-0.515987
chr2R:20506000-20506999,-0.516045
chrX:6043500-6044499,-0.516094
chr3R:4361500-4362499,-0.516135
chrX:6939000-6939999,-0.516176
chrX:4871000-4871999,-0.516191
chr3L:22702500-22703499,-0.516219
chr2R:14353000-14353999,-0.516228
chr3L:5319000-5319999,-0.516315
chr2L:14413000-14413999,-0.516319
chr3L:130000-130999,-0.516405
chr2L:17580500-17581499,-0.516408
chr3L:4232000-4232999,-0.516419
chr3L:13112000-13112999,-0.516427
chr2L:15873000-15873999,-0.516551
chr2L:6247000-6247999,-0.516573
chr3R:1497000-1497999,-0.516585
chr3R:17666000-17666999,-0.516787
chr3R:26854500-26855499,-0.516909
chrX:7095500-7096499,-0.516919
chrX:14024000-14024999,-0.516975
chr2L:13659000-13659999,-0.517031
chr2R:566000-566999,-0.517127
chr3L:9495000-9495999,-0.517156
chr3L:20859000-20859999,-0.517237
chr3L:20620500-20621499,-0.517286
chr3L:1687500-1688499,-0.517347
chrX:7657500-7658499,-0.517373
chr2L:11173500-11174499,-0.517418
chrX:2781000-2781999,-0.517506
chr3R:11483000-11483999,-0.517647
chrX:12707000-12707999,-0.517685
chr3R:4513000-4513999,-0.517712
chr3L:7833000-7833999,-0.517751
chr2R:20367500-20368499,-0.517803
chr3L:19322500-19323499,-0.517805
chr3L:11870000-11870999,-0.51784
chr3L:3981500-3982499,-0.51794
chr2R:13543500-13544499,-0.517975
chrX:8828000-8828999,-0.517986
chr3L:1060000-1060999,-0.518059
chr3R:13184500-13185499,-0.518066
chr3R:5060500-5061499,-0.518169
chr3R:13893500-13894499,-0.518183
chrX:15184000-15184999,-0.518286
chr3L:7170500-7171499,-0.518315
chrX:5478000-5478999,-0.518387
chr3R:4196500-4197499,-0.518409
chrX:5066000-5066999,-0.518467
chr3R:3181500-3182499,-0.518509
chr3R:4589000-4589999,-0.518522
chrX:9958500-9959499,-0.518525
chrX:11722000-11722999,-0.518541
chrX:10920500-10921499,-0.51855
chr3R:24031500-24032499,-0.518558
chrX:1871500-1872499,-0.518598
chr2R:12673500-12674499,-0.518674
chr2R:21020500-21021499,-0.518676
chr3R:23240500-23241499,-0.518769
chrX:3666000-3666999,-0.518806
chr3L:11243000-11243999,-0.518829
chr3R:6740000-6740999,-0.518841
chr3R:7974500-7975499,-0.518851
chrX:8217000-8217999,-0.518887
chr3L:3089500-3090499,-0.518887
chrX:11344000-11344999,-0.518904
chr3R:11551500-11552499,-0.518916
chr3L:10261500-10262499,-0.519021
chr3R:25175500-25176499,-0.519029
chr2L:6508500-6509499,-0.519101
chr2R:18474000-18474999,-0.519114
chrX:1983000-1983999,-0.519122
chr2R:12822500-12823499,-0.519202
chr2R:6976000-6976999,-0.519205
chr3R:12525000-12525999,-0.519225
chr2R:14811500-14812499,-0.519228
chrX:6946500-6947499,-0.519259
chr2L:6926500-6927499,-0.519263
chr2L:2429500-2430499,-0.519289
chr3L:781500-782499,-0.519334
chrX:4981000-4981999,-0.519353
chr2L:4154500-4155499,-0.519444
chrX:17950500-17951499,-0.519489
chrX:16096000-16096999,-0.519492
chr3L:8150500-8151499,-0.519594
chr3R:20301000-20301999,-0.519608
chr3L:10381500-10382499,-0.519636
chr3L:720500-721499,-0.519684
chr3L:17280500-17281499,-0.519713
chr2L:8870500-8871499,-0.51972
chr3L:18890000-18890999,-0.519789
chr3R:24291000-24291999,-0.519809
chrX:5336000-5336999,-0.519816
chr3L:7813500-7814499,-0.519826
chr2L:14306500-14307499,-0.519837
chrX:19705500-19706499,-0.519856
chr3R:26769500-26770499,-0.51987
chr3L:3260500-3261499,-0.519897
chrX:279000-279999,-0.5199
