Grade,years in service,Current Spine point,Current salary 1.8.04,Proposed new spine point,Proposed salary from 1.8.04,annual salary difference,comment,career earnings plus/minus
Lecturer A/Proposed Academic 2,2 (pt 10/32),10.0,25699.0,32.0,26401.0,702.0,,702.0
,3 (pt 11/33),11.0,27116.0,33.0,27194.0,78.0,"old L""A"" std max",780.0
Lecturer B/Proposed Academic 3,4 (pt12/34),12.0,27989.0,34.0,28009.0,20.0,new std max AC 2,800.0
,5 (pt13/35),13.0,29128.0,35.0,28850.0,-278.0,,522.0
,6 (pt14/36),14.0,30363.0,36.0,29715.0,-648.0,,-126.0
,7 (pt 15/37),15.0,31559.0,37.0,30607.0,-952.0,,-1078.0
,8 (pt 16/38),16.0,32666.0,38.0,31544.0,-1122.0,,-2200.0
,9 (pt 17/39),17.0,34227.0,39.0,32471.0,-1756.0,,-3956.0
,10 (pt 18/40),18.0,35883.0,40.0,33445.0,-2438.0,"old L""B"" std max",-6394.0
,11 (pt 18/41),18.0,35883.0,41.0,34448.0,-1435.0,,-7829.0
,12 (pt 18/42),18.0,35883.0,42.0,35482.0,-401.0,,-8230.0
,13 (pt 18/43),18.0,35883.0,43.0,36546.0,663.0,new std max AC 3,-7567.0
