Table 1. Population and Area,,,,,,,,,,,,
,,,,,,,,,,,,
See Notes,,,,,,,,,,,,
,,,,,,,,,,,,
Census date,Resident population,,,,,,,,,,,
,,,,,,,Area (square miles),,,,,
,,Number,,Per square mile of land area,,,,Total,,Land,,Water \1
,,,,,Increase over preceding census,,,,,,,
,,,,,,,,,,,,
,,,,,Number,Percent,,,,,,
,,,,,,,,,,,,
1790 (August 2),,3929214.0,,4.5,(X),(X),,891364.0,,864746.0,,24065.0
1800 (August 4),,5308483.0,,6.1,1379269.0,35.1,,891364.0,,864746.0,,24065.0
1810 (August 6),,7239881.0,,4.3,1931398.0,36.4,,1722685.0,,1681828.0,,34175.0
1820 (August 7),,9638453.0,,5.5,2398572.0,33.1,,1792552.0,,1749462.0,,38544.0
1830 (June 1),,12866020.0,,7.4,3227567.0,33.5,,1792552.0,,1749462.0,,38544.0
1840 (June 1),,17069453.0,,9.8,4203433.0,32.7,,1792552.0,,1749462.0,,38544.0
1850 (June 1),,23191876.0,,7.9,6122423.0,35.9,,2991655.0,,2940042.0,,52705.0
1860 (June 1),,31443321.0,,10.6,8251445.0,35.6,,3021295.0,,2969640.0,,52747.0
1870 (June 1),\2,39818449.0,\2,11.2,8375128.0,26.6,,3612299.0,,3540705.0,,68082.0
1880 (June 1),,50189209.0,,14.2,10370760.0,26.0,,3612299.0,,3540705.0,,68082.0
1890 (June 1),,62979766.0,,17.8,12790557.0,25.5,,3612299.0,,3540705.0,,68082.0
1900 (June 1),,76212168.0,,21.5,13232402.0,21.0,,3618770.0,,3547314.0,,67901.0
1910 (April 15),,92228496.0,,26.0,16016328.0,21.0,,3618770.0,,3547045.0,,68170.0
1920 (January 1),,106021537.0,,29.9,13793041.0,15.0,,3618770.0,,3546931.0,,68284.0
1930 (April 1),,123202624.0,,34.7,17181087.0,16.2,,3618770.0,,3554608.0,,60607.0
1940 (April 1),,132164569.0,,37.2,8961945.0,7.3,,3618770.0,,3554608.0,,60607.0
1950 (April 1),,151325798.0,,42.6,19161229.0,14.5,,3618770.0,,3552206.0,,63005.0
1960 (April 1),,179323175.0,,50.6,27997377.0,18.5,,3618770.0,,3540911.0,,74212.0
1970 (April 1),,203302031.0,,57.5,23978856.0,13.4,,3618770.0,,3536855.0,,78444.0
1980 (April 1),\3,226542199.0,,64.0,23240168.0,11.4,,3618770.0,,3539289.0,,79481.0
1990 (April 1),\4,248718302.0,,70.33335671007765,22176103.0,9.788950181418517,\5,3717796.0,,3536278.0,\5,181518.0
2000 (April 1),\6,281424603.0,,79.55604253568296,32706301.0,13.149937393831197,,3794083.06,,3537438.44,,256644.62
,,,,,,,,,,,,
,,,,,,,,,,,,
"Source: U.S. Census Bureau,",,,,,,,,,,,,
"2000 Census of Population and Housing, Population and Housing Counts,",,,,,,,,,,,,
"Series PHC-3-1, United States Summary;",,,,,,,,,,,,
"Notes and Errata, 2000 SF/01-ER ;",,,,,,,,,,,,
Areas of the United States: 1940;,,,,,,,,,,,,
Area data for 1990: unpublished data from TIGER ®; and,,,,,,,,,,,,
"Davis, Warren; personal correspondence; U.S. Census Bureau; 23 June 2006.",,,,,,,,,,,,
