Period,"Population as of beginning of period (1,000)","Net increase \1 Total (1,000)",Percent \2,"Births (1,000)","Deaths (1,000)","Net international migration \3 (1,000)","Population as of end of period (1,000)"
"April 1, 2000 to July 1, 2000 \4",281424.602,747.334,0.265553897807413,989.02,560.891,319.205,282171.936
"July 1, 2000 to July 1, 2001",282171.936,2867.867,1.01635444001064,4047.314,2419.276,1200.446,285039.803
"July 1, 2001 to July 1, 2002",285039.803,2686.844,0.9426206346346651,4006.985,2429.999,1077.931,287726.647
"July 1, 2002 to July 1, 2003",287726.647,2484.267,0.863412209436409,4052.799,2422.701,821.995,290210.914
"July 1, 2003 to July 1, 2004",290210.914,2681.213,0.923884275420461,4112.637,2449.577,985.725,292892.127
"July 1, 2004 to July 1, 2005",292892.127,2668.422,0.911059654396241,4121.16,2433.274,947.763,295560.549
"July 1, 2005 to July 1, 2006",295560.549,2802.424,0.948172551946369,4178.113,2417.538,1006.318,298362.973
"July 1, 2006 to July 1, 2007",298362.973,2927.359,0.981140176532561,4289.432,2420.605,866.308,301290.332
"July 1, 2007 to July 1, 2008",301290.332,2769.392,0.919177187537501,4328.543,2447.976,888.825,304059.724
