EPMI LT MGMT,,,,,POSITION WATCH,,,2019-01-06 00:00:00,,,,,,,,,,,,,,,,,,,,,,,,,,,,,,,,,,,
,,,,,,,,,,,,,,,,,,,,,,,,,,,,,,,,,,,,,,,,,,,
,,,Specialist,,,,,,,,,,,,,,,,,,,,,,,,,,,,,,,,,,,,,,,,
2001-10-29 00:00:00,534882,,534882,,,,,,,,,,,,,,,,,,,,,,,,,,,,,,,,,,,,,,,,
2001-10-30 00:00:00,507131,,-27751,,,,,,,,,,,,,,,,,,,,,,,,,,,,,,,,,,,,,,,,
2001-10-31 00:00:00,443985,,-63146,,,,,,,,,,,,,,,,,,,,,,,,,,,,,,,,,,,,,,,,
2001-11-01 00:00:00,556793,,112808,,,,,,,,,,,,,,,,,,,,,,,,,,,,,,,,,,,,,,,,
2001-11-02 00:00:00,509543,,-47250,,,,,,,,,,,,,,,,,,,,,,,,,,,,,,,,,,,,,,,,
2001-11-03 00:00:00,850782,,341239,,,,,,,,,,,,,,,,,,,,,,,,,,,,,,,,,,,,,,,,
2001-11-06 00:00:00,797186,,-53596,,,,,,,,,,,,,,,,,,,,,,,,,,,,,,,,,,,,,,,,
2001-11-07 00:00:00,809875,,12689,,,,,,,,,,,,,,,,,,,,,,,,,,,,,,,,,,,,,,,,
2001-11-08 00:00:00,764315,,-45560,,,,,,,,,,,,,,,,,,,,,,,,,,,,,,,,,,,,,,,,
2001-11-09 00:00:00,657935,,-106380,,,,,,,,,,,,,,,,,,,,,,,,,,,,,,,,,,,,,,,,
2001-11-12 00:00:00,1056531,,398596,,,,,,,,,,,,,,,,,,,,,,,,,,,,,,,,,,,,,,,,
2001-11-13 00:00:00,998835,,-57696,,,,,,,,,,,,,,,,,,,,,,,,,,,,,,,,,,,,,,,,
2001-11-14 00:00:00,854651,,-144184,,,,,,,,,,,,,,,,,,,,,,,,,,,,,,,,,,,,,,,,
2001-11-15 00:00:00,1207432,,352781,,,,,,,,,,,,,,,,,,,,,,,,,,,,,,,,,,,,,,,,
2001-11-16 00:00:00,1101215,,-106217,,,,,,,,,,,,,,,,,,,,,,,,,,,,,,,,,,,,,,,,
2001-11-19 00:00:00,237075,,-864140,,,,,,,,,,,,,,,,,,,,,,,,,,,,,,,,,,,,,,,,
2001-11-20 00:00:00,405215,,168140,,,,,,,,,,,,,,,,,,,,,,,,,,,,,,,,,,,,,,,,
2001-11-21 00:00:00,430160,,24945,,,,,,,,,,,,,,,,,,,,,,,,,,,,,,,,,,,,,,,,
2001-11-26 00:00:00,763812,,333652,,,,,,,,,,,,,,,,,,,,,,,,,,,,,,,,,,,,,,,,
2001-11-27 00:00:00,923091,,159279,,,,,,,,,,,,,,,,,,,,,,,,,,,,,,,,,,,,,,,,
,923091,,,,,,,,,,,,,,,,,,,,,,,,,,,,,,,,,,,,,,,,,,
,923091,,,,,,,,,,,,,,,,,,,,,,,,,,,,,,,,,,,,,,,,,,
,923091,,,,,,,,,,,,,,,,,,,,,,,,,,,,,,,,,,,,,,,,,,
,923091,,,,,,,,,,,,,,,,,,,,,,,,,,,,,,,,,,,,,,,,,,
,923091,,,,,,,,,,,,,,,,,,,,,,,,,,,,,,,,,,,,,,,,,,
,923091,,,,,,,,,,,,,,,,,,,,,,,,,,,,,,,,,,,,,,,,,,
,923091,,,,,,,,,,,,,,,,,,,,,,,,,,,,,,,,,,,,,,,,,,
,923091,,,,,,,,,,,,,,,,,,,,,,,,,,,,,,,,,,,,,,,,,,
,923091,,,,,,,,,,,,,,,,,,,,,,,,,,,,,,,,,,,,,,,,,,
,923091,,,,,,,,,,,,,,,,,,,,,,,,,,,,,,,,,,,,,,,,,,
,923091,,,,,,,,,,,,,,,,,,,,,,,,,,,,,,,,,,,,,,,,,,
,923091,,,,,,,,,,,,,,,,,,,,,,,,,,,,,,,,,,,,,,,,,,
,923091,,,,,,,,,,,,,,,,,,,,,,,,,,,,,,,,,,,,,,,,,,
,923091,,,,,,,,,,,,,,,,,,,,,,,,,,,,,,,,,,,,,,,,,,
,923091,,,,,,,,,,,,,,,,,,,,,,,,,,,,,,,,,,,,,,,,,,
,923091,,,,,,,,,,,,,,,,,,,,,,,,,,,,,,,,,,,,,,,,,,
,923091,,,,,,,,,,,,,,,,,,,,,,,,,,,,,,,,,,,,,,,,,,
,923091,,,,,,,,,,,,,,,,,,,,,,,,,,,,,,,,,,,,,,,,,,
,923091,,,,,,,,,,,,,,,,,,,,,,,,,,,,,,,,,,,,,,,,,,
,923091,,,,,,,,,,,,,,,,,,,,,,,,,,,,,,,,,,,,,,,,,,
,923091,,,,,,,,,,,,,,,,,,,,,,,,,,,,,,,,,,,,,,,,,,
,923091,,,,,,,,,,,,,,,,,,,,,,,,,,,,,,,,,,,,,,,,,,
,923091,,,,,,,,,,,,,,,,,,,,,,,,,,,,,,,,,,,,,,,,,,
,923091,,,,,,,,,,,,,,,,,,,,,,,,,,,,,,,,,,,,,,,,,,
,923091,,,,,,,,,,,,,,,,,,,,,,,,,,,,,,,,,,,,,,,,,,
,923091,,,,,,,,,,,,,,,,,,,,,,,,,,,,,,,,,,,,,,,,,,
,923091,,,,,,,,,,,,,,,,,,,,,,,,,,,,,,,,,,,,,,,,,,
,923091,,,,,,,,,,,,,,,,,,,,,,,,,,,,,,,,,,,,,,,,,,
,,,,,,,,,,,,,,,,,,,,,,,,,,,,,,,,,,,,,,,,,,,
Total,,,923091,0,,,,,,,,,,,,,,,,,,,,,,,,,,,,,,,,,,,,,,,
,,,,,,,,,,,,,,,,,,,,,,,,,,,,,,,,,,,,,,,,,,,
,,,,,,,,,,,,,,,,,,,,,,,,,,,,,,,,,,,,,,,,,,,
,,,,,,,,,,,,,,,,,,,,,,,,,,,,,,,,,,,,,,,,,,,
,,,,,,,,,,,,,,,,,,,,,,,,,,,,,,,,,,,,,,,,,,,
