Field #,Item Detail,Number of Characters,Starting Position,Ending Position,Character Type,Item Description,Example,Notes
1.0,State Name Abbreviation,2.0,1.0,2.0,Alpha,2 character state designation,SS,
2.0,District Name,18.0,3.0,20.0,Alpha,District Name,Sample Dist,
3.0,District Number,15.0,21.0,35.0,Alpha/Numeric,Unique number identifying district within the state,123456.0,
4.0,School Name,18.0,36.0,53.0,Alpha,School Name,Sample Sch,
5.0,School Number,15.0,54.0,68.0,Alpha/Numeric,Unique number identifying school within the district,123456.0,
6.0,Student Last Name,18.0,69.0,86.0,Alpha,Student Last Name,Feldman,
7.0,Student First Name,14.0,87.0,100.0,Alpha,Student First Name,Susan,
8.0,Student Middle Initial,1.0,101.0,101.0,Alpha,Student Middle Initial,C,
9.0,Birth Date,8.0,102.0,109.0,Numeric,"MMDDYYYY - 01121983 (January 12, 1983) or 00000000 = Unknown",01121983,
10.0,Gender,1.0,110.0,110.0,Alpha,M = Male or F = Female or N = Not Reported,F,
11.0,State Student ID,15.0,111.0,125.0,Alpha/Numeric,Unique State Student ID,1234567890,
12.0,District Student ID,15.0,126.0,140.0,Alpha/Numeric,Unique District Student ID,100645,
13.0,Grade,2.0,141.0,142.0,Numeric,"Kindergarten through 12th grade (00 = K, through 12)",00,
14.0,Cluster,1.0,143.0,143.0,Numeric,"Kindergarten = 0, 1-2 = 1, 3-5 = 3, 6-8 = 6 and 9-12 = 9",0,
15.0,Tier,1.0,144.0,144.0,Alpha,"A, B, C, or a dash will represent Kindergarten",C,
16.0,Ethnicity - Hispanic/Latino,1.0,145.0,145.0,Alpha,"H = Hispanic/Latino, N = Not Hispanic",H,
17.0,Race - American Indian/Alaskan Native,1.0,146.0,146.0,Alpha,"Y = Yes, N = No",Y,
18.0,Race - Asian,1.0,147.0,147.0,Alpha,"Y = Yes, N = No",N,
19.0,Race - Black/African American,1.0,148.0,148.0,Alpha,"Y = Yes, N = No",Y,
20.0,Race - Pacific Islander/Hawaiian,1.0,149.0,149.0,Alpha,"Y = Yes, N = No",N,
21.0,Race - White,1.0,150.0,150.0,Alpha,"Y = Yes, N = No",Y,
22.0,Native Language,4.0,151.0,154.0,Alpha,Home Language,spa,The field is 4 Bytes but the CO code is only 3 BYTES.
23.0,Date First Enrolled,8.0,155.0,162.0,Numeric,"MMDDYYYY - 01122004 (January 12, 2004) or 
00000000 = Unknown, Date student enrolled in US School",01122004,
24.0,Length of Time in LEP/ELL Program,2.0,163.0,164.0,Numeric,Represented in number of years by school year,02,
25.0,Title III Status,1.0,165.0,165.0,Alpha,"Y = Yes, or N = No or Blank",N,
26.0,Migrant,1.0,166.0,166.0,Alpha,M = Migrant or N = No or Blank,M,
27.0,IEP Status,1.0,167.0,167.0,Alpha,"Y = Yes, or N = No or Blank",N,
28.0,504 Plan,1.0,168.0,168.0,Alpha,"Y = Yes, or N = No or Blank",N,
29.0,No Additional Services (NAS),1.0,169.0,169.0,Alpha,"Y = Yes, or N = No or Blank",N,
30.0,Content Area Tutoring (CAT),1.0,170.0,170.0,Alpha,"Y = Yes, or N = No or Blank",Y,
31.0,Developmental Bilingual (DBE),1.0,171.0,171.0,Alpha,"Y = Yes, or N = No or Blank",N,
32.0,Dual Language & Two-Way Immersion (TWI),1.0,172.0,172.0,Alpha,"Y = Yes, or N = No or Blank",N,
33.0,Heritage Language (HLA),1.0,173.0,173.0,Alpha,"Y = Yes, or N = No or Blank",N,
34.0,Sheltered English Instruction (SEI),1.0,174.0,174.0,Alpha,"Y = Yes, or N = No or Blank",N,
35.0,Transitional Bilingual (TBI),1.0,175.0,175.0,Alpha,"Y = Yes, or N = No or Blank",N,
36.0,Content-Based ESL (CBE),1.0,176.0,176.0,Alpha,"Y = Yes, or N = No or Blank",N,
37.0,Structured English Immersion or SDAIE (SEN),1.0,177.0,177.0,Alpha,"Y = Yes, or N = No or Blank",N,
38.0,Pull-Out ESL (POE),1.0,178.0,178.0,Alpha,"Y = Yes, or N = No or Blank",N,
39.0,Inclusionary Support (IS),1.0,179.0,179.0,Alpha,"Y = Yes, or N = No or Blank (Support provided in-the-mainstream classroom)",N,
40.0,Pull-Out For Individualized Support (PO),1.0,180.0,180.0,Alpha,"Y = Yes, or N = No or Blank (Pulled out of regular classes)",N,
41.0,Self-Contained (SC),1.0,181.0,181.0,Alpha,"Y = Yes, or N = No or Blank (Usually found only in bilingual classrooms)",N,
42.0,Parental Refusal for Services (PR),1.0,182.0,182.0,Alpha,"Y = Yes, or N = No or Blank (Parents have ""opted out"" of bilingual/ESL services)",N,
43.0,State Support Delivery is Not Applicable (NA),1.0,183.0,183.0,Alpha,"Y = Yes, or N = No or Blank",N,
44.0,Audio Amplification Device or Noise Buffer (AA),1.0,184.0,184.0,Alpha,"Y = Yes, or N = No or Blank",N,
45.0,Braille test or writer (BR),1.0,185.0,185.0,Alpha,"Y = Yes, or N = No or Blank",N,
46.0,Large Print Booklet (LP),1.0,186.0,186.0,Alpha,"Y = Yes, or N = No or Blank",N,
47.0,Magnification or Low Vision aids (LV),1.0,187.0,187.0,Alpha,"Y = Yes, or N = No or Blank",N,
48.0,Computer Assisted (CA),1.0,188.0,188.0,Alpha,"Y = Yes, or N = No or Blank",Y,
49.0,Modified Presentation Format (PF),1.0,189.0,189.0,Alpha,"Y = Yes, or N = No or Blank",N,
50.0,Scribe (SB),1.0,190.0,190.0,Alpha,"Y = Yes, or N = No or Blank",N,
51.0,Setting Format (SF),1.0,191.0,191.0,Alpha,"Y = Yes, or N = No or Blank",N,
52.0,Modified Test Directions (TD),1.0,192.0,192.0,Alpha,"Y = Yes, or N = No or Blank",N,
53.0,Modified Timing/Scheduling (TS),1.0,193.0,193.0,Alpha,"Y = Yes, or N = No or Blank",N,
54.0,Other Approved Accommodation (OA),1.0,194.0,194.0,Alpha,"Y = Yes, or N = No or Blank",N,
55.0,State Defined Optional Data,10.0,195.0,204.0,Alpha/Numeric,State Designated Additional Data,,See State_District Fields worksheet
56.0,District Defined Optional Data,10.0,205.0,214.0,Alpha/Numeric,District Designated Additional Data (this may also be additional State Data),,See State_District Fields worksheet
57.0,Booklet Serial Number,10.0,215.0,224.0,Alpha/Numeric,Scored Booklet Serial Number,00KT111111,
58.0,Scoring Center Use,8.0,225.0,232.0,Numeric,MetriTech Unique Student Identifier,11223344,
59.0,Form Number,6.0,233.0,238.0,Numeric,Unique ACCESS form Identifier,121091,
60.0,Listening Raw Item Responses - Grades 1 -12,23.0,239.0,261.0,Numeric,Field suppressed for individual district files,,
61.0,Speaking Raw Item Responses - Grades 1 -12,13.0,262.0,274.0,Numeric,Field suppressed for individual district files,,
62.0,Reading Raw Item Responses - Grades 1 -12,29.0,275.0,303.0,Numeric,Field suppressed for individual district files,,
63.0,Writing Raw Scores Task 1 - Grades 1 -12,3.0,304.0,306.0,Numeric,Field suppressed for individual district files,,
64.0,Writing Raw Scores Task 2 - Grades 1 -12,3.0,307.0,309.0,Numeric,Field suppressed for individual district files,,
65.0,Writing Raw Scores Task 3 - Grades 1 -12,3.0,310.0,312.0,Numeric,Field suppressed for individual district files,,
66.0,Writing Raw Scores Task 4 - Grades 1 -12,3.0,313.0,315.0,Numeric,Field suppressed for individual district files,,
67.0,Listening Scored Responses - Grades 1 -12,23.0,316.0,338.0,Numeric,Field suppressed for individual district files,,
68.0,Speaking Scored Responses - Grades 1 -12,13.0,339.0,351.0,Numeric,Field suppressed for individual district files,,
69.0,Reading Scored Responses - Grades 1 -12,29.0,352.0,380.0,Numeric,Field suppressed for individual district files,,
70.0,Listening Scale Score,3.0,381.0,383.0,Alpha/Numeric,100 through 600 or NA,100,
71.0,Speaking Scale Score,3.0,384.0,386.0,Alpha/Numeric,100 through 600 or NA,100,
72.0,Reading Scale Score,3.0,387.0,389.0,Alpha/Numeric,100 through 600 or NA,100,
73.0,Writing Scale Score,3.0,390.0,392.0,Alpha/Numeric,100 through 600 or NA,100,
74.0,Comprehension Score,3.0,393.0,395.0,Alpha/Numeric,100 through 600 - 0.7 Reading + 0.3 Listening Scale Score or NA,100,
75.0,Oral Scale Score,3.0,396.0,398.0,Alpha/Numeric,100 through 600 - 0.5 Listening + 0.5 Speaking Scale Score or NA,100,
76.0,Literacy Scale Score,3.0,399.0,401.0,Alpha/Numeric,100 through 600 - 0.5 Reading + 0.5 Writing or NA,100,
77.0,Composite (Overall) Scale Score,3.0,402.0,404.0,Alpha/Numeric,100 through 600 - 0.35 Reading + 0.35 Writing + 0.15 Listening + 0.15 Speaking or NA,100,
78.0,Listening Proficiency Level,3.0,405.0,407.0,Alpha/Numeric,1.0 through 6.0 or NA,1.0,
79.0,Speaking Proficiency Level,3.0,408.0,410.0,Alpha/Numeric,1.0 through 6.0 or NA,2.0,
80.0,Reading Proficiency Level,3.0,411.0,413.0,Alpha/Numeric,1.0 through 6.0 or NA,3.0,
81.0,Writing Proficiency Level,3.0,414.0,416.0,Alpha/Numeric,1.0 through 6.0 or NA,4.0,
82.0,Comprehension Proficiency Level,3.0,417.0,419.0,Alpha/Numeric,1.0 through 6.0 or NA,5.1,
83.0,Oral Proficiency Level,3.0,420.0,422.0,Alpha/Numeric,1.0 through 6.0 or NA,4.3,
84.0,Literacy Proficiency Level,3.0,423.0,425.0,Alpha/Numeric,1.0 through 6.0 or NA,3.9,
85.0,Composite (Overall) Proficiency Level,3.0,426.0,428.0,Alpha/Numeric,1.0 through 6.0 or NA,3.3,
86.0,Comprehension SI Raw Score,2.0,429.0,430.0,Alpha/Numeric,Items Correct by Standard - 0 to maximum for the grade and tier or X If not applicable,2,
87.0,Comprehension LA Raw Score,2.0,431.0,432.0,Alpha/Numeric,Items Correct by Standard - 0 to maximum for the grade and tier or X If not applicable,4,
88.0,Comprehension Math Raw Score,2.0,433.0,434.0,Alpha/Numeric,Items Correct by Standard - 0 to maximum for the grade and tier or X If not applicable,3,
89.0,Comprehension Science Raw Score,2.0,435.0,436.0,Alpha/Numeric,Items Correct by Standard - 0 to maximum for the grade and tier or X If not applicable,10,
90.0,Comprehension SS Raw Score,2.0,437.0,438.0,Alpha/Numeric,Items Correct by Standard - 0 to maximum for the grade and tier or X If not applicable,5,
91.0,Speaking SI Raw Score,1.0,439.0,439.0,Alpha/Numeric,0 through 3 or X If not applicable,1,
92.0,Speaking LA/SS Raw Score,1.0,440.0,440.0,Alpha/Numeric,0 through 5 or X If not applicable,3,
93.0,Speaking Math/Science Raw Score,1.0,441.0,441.0,Alpha/Numeric,0 through 5 or X If not applicable,5,
94.0,Writing Social Instructional Scores,6.0,442.0,447.0,Alpha/Numeric,"0 through 24 for Linguistic Control, Vocabulary Usage and Language Control or X If not applicable",1 1 1,
95.0,Writing Language Arts Scores,6.0,448.0,453.0,Alpha/Numeric,"0 through 6 for Linguistic Control, Vocabulary Usage and Language Control or X If not applicable",2 2 2,
96.0,Writing Math/Science Scores,6.0,454.0,459.0,Alpha/Numeric,"0 through 6 for Linguistic Control, Vocabulary Usage and Language Control or X If not applicable",3 3 3,
97.0,Writing Language Arts/Social Studies Scores,6.0,460.0,465.0,Alpha/Numeric,"0 through 6 for Linguistic Control, Vocabulary Usage and Language Control or X If not applicable",4 4 4,
98.0,Absent - Listening,1.0,466.0,466.0,Alpha,"Y = Yes Absent,  N = No - Not Absent",N,
99.0,Absent - Speaking,1.0,467.0,467.0,Alpha,"Y = Yes Absent,  N = No - Not Absent",N,
100.0,Absent - Reading,1.0,468.0,468.0,Alpha,"Y = Yes Absent,  N = No - Not Absent",N,
101.0,Absent - Writing,1.0,469.0,469.0,Alpha,"Y = Yes Absent,  N = No - Not Absent",N,
102.0,Invalid - Listening,1.0,470.0,470.0,Alpha,"Y = Yes Invalid,  N = No - Not Invalid",N,
103.0,Invalid - Speaking,1.0,471.0,471.0,Alpha,"Y = Yes Invalid,  N = No - Not Invalid",N,
104.0,Invalid - Reading,1.0,472.0,472.0,Alpha,"Y = Yes Invalid,  N = No - Not Invalid",N,
105.0,Invalid - Writing,1.0,473.0,473.0,Alpha,"Y = Yes Invalid,  N = No - Not Invalid",N,
106.0,Declined - Listening,1.0,474.0,474.0,Alpha,"Y = Yes Declined,  N = No - Not Declined",N,
107.0,Declined - Speaking,1.0,475.0,475.0,Alpha,"Y = Yes Declined,  N = No - Not Declined",N,
108.0,Declined - Reading,1.0,476.0,476.0,Alpha,"Y = Yes Declined,  N = No - Not Declined",N,
109.0,Declined - Writing,1.0,477.0,477.0,Alpha,"Y = Yes Declined,  N = No - Not Declined",N,
110.0,Exempted Special Ed/504 - Listening,1.0,478.0,478.0,Alpha,"Y = Yes Exempted,  N = No - Not Exempted",N,
111.0,Exempted Special Ed/504 - Speaking,1.0,479.0,479.0,Alpha,"Y = Yes Exempted,  N = No - Not Exempted",N,
112.0,Exempted Special Ed/504 - Reading,1.0,480.0,480.0,Alpha,"Y = Yes Exempted,  N = No - Not Exempted",N,
113.0,Exempted Special Ed/504 - Writing,1.0,481.0,481.0,Alpha,"Y = Yes Exempted,  N = No - Not Exempted",N,
114.0,Listening Confidence - High Score,3.0,482.0,484.0,Numeric,High End of Score Confidence Range - 100 through 600 or NA,600,
115.0,Listening Confidence - Low Score,3.0,485.0,487.0,Numeric,Low End of Score Confidence Range - 100 through 600 or NA,100,
116.0,Speaking Confidence - High Score,3.0,488.0,490.0,Numeric,High End of Score Confidence Range - 100 through 600 or NA,600,
117.0,Speaking Confidence - Low Score,3.0,491.0,493.0,Numeric,Low End of Score Confidence Range - 100 through 600 or NA,100,
118.0,Reading  Confidence - High Score,3.0,494.0,496.0,Numeric,High End of Score Confidence Range - 100 through 600 or NA,600,
119.0,Reading Confidence - Low Score,3.0,497.0,499.0,Numeric,Low End of Score Confidence Range - 100 through 600 or NA,100,
120.0,Writing  Confidence - High Score,3.0,500.0,502.0,Numeric,High End of Score Confidence Range - 100 through 600 or NA,600,
121.0,Writing Confidence - Low Score,3.0,503.0,505.0,Numeric,Low End of Score Confidence Range - 100 through 600 or NA,100,
122.0,Comprehension Confidence - High Score,3.0,506.0,508.0,Numeric,High End of Score Confidence Range - 100 through 600 or NA,600,
123.0,Comprehension Confidence - Low Score,3.0,509.0,511.0,Numeric,Low End of Score Confidence Range - 100 through 600 or NA,100,
124.0,Oral Confidence - High Score,3.0,512.0,514.0,Numeric,High End of Score Confidence Range - 100 through 600 or NA,600,
125.0,Oral Confidence - Low Score,3.0,515.0,517.0,Numeric,Low End of Score Confidence Range - 100 through 600 or NA,100,
126.0,Literacy Confidence - High Score,3.0,518.0,520.0,Numeric,High End of Score Confidence Range - 100 through 600 or NA,600,
127.0,Literacy Confidence - Low Score,3.0,521.0,523.0,Numeric,Low End of Score Confidence Range - 100 through 600 or NA,100,
128.0,Composite (Overall) Confidence - High Score,3.0,524.0,526.0,Numeric,High End of Score Confidence Range - 100 through 600 or NA,600,
129.0,Composite (Overall) Confidence - Low Score,3.0,527.0,529.0,Numeric,Low End of Score Confidence Range - 100 through 600 or NA,100,
130.0,Listening Proficiency Level - Kindergarten Instructional,3.0,530.0,532.0,Alpha/Numeric,1.0 through 6.0 or NA,1.0,
131.0,Speaking Proficiency Level - Kindergarten Instructional,3.0,533.0,535.0,Alpha/Numeric,1.0 through 6.0 or NA,2.0,
132.0,Reading Proficiency Level - Kindergarten Instructional,3.0,536.0,538.0,Alpha/Numeric,1.0 through 6.0 or NA,3.0,
133.0,Writing Proficiency Level - Kindergarten Instructional,3.0,539.0,541.0,Alpha/Numeric,1.0 through 6.0 or NA,4.0,
134.0,Comprehension Proficiency Level - K Instructional,3.0,542.0,544.0,Alpha/Numeric,1.0 through 6.0 or NA,5.1,
135.0,Oral Proficiency Level - Kindergarten Instructional,3.0,545.0,547.0,Alpha/Numeric,1.0 through 6.0 or NA,4.3,
136.0,Literacy Proficiency Level - Kindergarten Instructional,3.0,548.0,550.0,Alpha/Numeric,1.0 through 6.0 or NA,3.9,
137.0,Composite (Overall) Proficiency Level - K Instructional,3.0,551.0,553.0,Alpha/Numeric,1.0 through 6.0 or NA,3.3,
138.0,Kindergarten Listening Raw Item Responses,30.0,554.0,583.0,Numeric,Field suppressed for individual district files,,
139.0,Kindergarten Speaking Raw Item Responses,10.0,584.0,593.0,Numeric,Field suppressed for individual district files,,
140.0,Kindergarten Reading Raw Item Responses,30.0,594.0,623.0,Numeric,Field suppressed for individual district files,,
141.0,Kindergarten Writing Raw Item Responses,11.0,624.0,634.0,Numeric,Field suppressed for individual district files,,
142.0,Kindergarten Listening Scored Responses,30.0,635.0,664.0,Numeric,Field suppressed for individual district files,,
143.0,Kindergarten Speaking Scored Responses,10.0,665.0,674.0,Numeric,Field suppressed for individual district files,,
144.0,Kindergarten Reading Scored Responses,30.0,675.0,704.0,Numeric,Field suppressed for individual district files,,
145.0,Kindergarten Writing Scored Responses,6.0,705.0,710.0,Numeric,Field suppressed for individual district files,,
146.0,Pre-ID Label Used,1.0,711.0,711.0,Numeric,1 = Yes; 0 = No,1,
147.0,Date of Testing,6.0,712.0,717.0,Numeric,"Date student completed testing in school: MMDDYY - 033013 (March 30, 2013) or 000000 = Blank",033013,
